5,0.0,0.0,1.73916768913e-198,1.0
5,0.0,0.05,0.00279330021988,0.995439207148
5,0.0,0.1,0.0104934129464,0.980991958364
5,0.0,0.15,0.000421349879926,0.999004729267
5,0.0,0.2,1.53537007665e-229,1.0
5,0.0,0.25,1.70376374808e-179,1.0
5,0.0,0.3,4.20753770759e-258,1.0
5,0.0,0.35,5.11976272168e-195,0.999197109595
5,0.0,0.4,2.18549154098e-182,0.998394541635
5,0.0,0.45,2.57119590012e-228,0.998394541635
5,0.0,0.5,1.1863428293e-198,0.9967906955
5,0.0,0.55,5.3391585949e-195,0.997592618567
5,0.0,0.6,3.82176170679e-206,0.996790373054
5,0.0,0.65,5.32598235145e-177,0.99598973977
5,0.0,0.7,6.6234198839e-180,0.9967906955
5,0.0,0.75,8.16717753586e-226,0.995989094878
5,0.0,0.8,1.15299674796e-176,0.995989094878
5,0.0,0.85,4.9880641095e-273,0.995188139148
5,0.0,0.9,1.18962379039e-214,0.995189751378
5,0.0,0.95,1.10543511538e-199,0.993587195027
5,0.05,0.0,0.227112360637,0.999918754535
5,0.05,0.05,0.227112360688,0.999918754535
5,0.05,0.1,0.22808681587,0.998187878922
5,0.05,0.15,0.227112361181,0.999918754535
5,0.05,0.2,0.227112361499,0.999918754535
5,0.05,0.25,0.227112361878,0.999918754534
5,0.05,0.3,0.22711236206,0.999918754534
5,0.05,0.35,0.227112362304,0.999155941502
5,0.05,0.4,0.227112362522,0.998386518244
5,0.05,0.45,0.227112362701,0.998386518244
5,0.05,0.5,0.227112362863,0.997617796347
5,0.05,0.55,0.227112363068,0.997617796312
5,0.05,0.6,0.227112363136,0.996856687691
5,0.05,0.65,0.227112363253,0.996856077766
5,0.05,0.7,0.227112363355,0.996085347503
5,0.05,0.75,0.227112363465,0.996085341885
5,0.05,0.8,0.227112363532,0.995314823782
5,0.05,0.85,0.22711236361,0.994551853116
5,0.05,0.9,0.227112363655,0.994550624452
5,0.05,0.95,0.227112363733,0.993780433072
5,0.1,0.0,0.364204733074,0.995392114798
5,0.1,0.05,0.361207718011,0.999705483527
5,0.1,0.1,0.361211029261,0.999705478861
5,0.1,0.15,0.365058758372,0.581679988976
5,0.1,0.2,0.361221989219,0.999705456557
5,0.1,0.25,0.361227324477,0.999705444905
5,0.1,0.3,0.361231702468,0.999705434607
5,0.1,0.35,0.361235798291,0.998982943589
5,0.1,0.4,0.361242666552,0.984510393854
5,0.1,0.45,0.362717807941,0.55356486226
5,0.1,0.5,0.361245328537,0.996790345979
5,0.1,0.55,0.361247636093,0.996790336424
5,0.1,0.6,0.361249899368,0.996790323966
5,0.1,0.65,0.361370442822,0.874748929872
5,0.1,0.7,0.361253669234,0.99604976283
5,0.1,0.75,0.361255251707,0.99604945464
5,0.1,0.8,0.361256529818,0.996049754043
5,0.1,0.85,0.361258195518,0.995322874139
5,0.1,0.9,0.361259571011,0.994583604649
5,0.1,0.95,0.361260304003,0.993843658597
5,0.15,0.0,0.491204856124,0.734321223828
5,0.15,0.05,0.457889913774,0.999401646243
5,0.15,0.1,0.468466457702,0.609195916017
5,0.15,0.15,0.458094554567,0.999401031078
5,0.15,0.2,0.458227502891,0.999400554217
5,0.15,0.25,0.458354708712,0.99940003321
5,0.15,0.3,0.458475867343,0.998717713347
5,0.15,0.35,0.458577135597,0.998717191947
5,0.15,0.4,0.458658296657,0.998014796496
5,0.15,0.45,0.458739466899,0.998014105373
5,0.15,0.5,0.458810545549,0.997312346652
5,0.15,0.55,0.458874097745,0.996632232972
5,0.15,0.6,0.458919690535,0.996631455385
5,0.15,0.65,0.45896830185,0.996631163409
5,0.15,0.7,0.459003579155,0.995921402668
5,0.15,0.75,0.459160081508,0.995953175889
5,0.15,0.8,0.459077577559,0.995212387553
5,0.15,0.85,0.459111520562,0.994498963389
5,0.15,0.9,0.459143989763,0.994523521245
5,0.15,0.95,0.459170897143,0.993811774781
5,0.2,0.0,0.531702957029,0.999042192211
5,0.2,0.05,0.531809838848,0.999041883233
5,0.2,0.1,0.54785818368,0.732235752596
5,0.2,0.15,0.532779389651,0.999037165354
5,0.2,0.2,0.533430137783,0.999033104271
5,0.2,0.25,0.537681594971,0.75298769104
5,0.2,0.3,0.534606664108,0.999025232952
5,0.2,0.35,0.535111648174,0.99771726741
5,0.2,0.4,0.535541349661,0.997713983572
5,0.2,0.45,0.535932719788,0.997710487467
5,0.2,0.5,0.536321370095,0.997042265426
5,0.2,0.55,0.536683444926,0.996402950127
5,0.2,0.6,0.536840552668,0.995726299871
5,0.2,0.65,0.537134692385,0.995723613839
5,0.2,0.7,0.537318973481,0.995721872667
5,0.2,0.75,0.537505480464,0.995720446495
5,0.2,0.8,0.537733767176,0.995044107317
5,0.2,0.85,0.537871344721,0.994396106701
5,0.2,0.9,0.538035056436,0.994394180405
5,0.2,0.95,0.538157209611,0.993713582736
5,0.25,0.0,0.590080684843,0.998654826185
5,0.25,0.05,0.61903030094,0.642832585852
5,0.25,0.1,0.591310838339,0.998648021264
5,0.25,0.15,0.592758658927,0.99863580977
5,0.25,0.2,0.594424914301,0.998618371687
5,0.25,0.25,0.597868225881,0.990154358261
5,0.25,0.3,0.597485840852,0.997999151
5,0.25,0.35,0.598842042042,0.997981287622
5,0.25,0.4,0.599972923474,0.997343274924
5,0.25,0.45,0.601336737728,0.997326432644
5,0.25,0.5,0.601987706703,0.996695899292
5,0.25,0.55,0.602825975208,0.996103768566
5,0.25,0.6,0.603740767567,0.994826277616
5,0.25,0.65,0.604329333749,0.996087260269
5,0.25,0.7,0.604902318075,0.99544219182
5,0.25,0.75,0.605604661091,0.994746802593
5,0.25,0.8,0.606087589382,0.995479220429
5,0.25,0.85,0.60649857529,0.994145082901
5,0.25,0.9,0.612220365643,0.637138532822
5,0.25,0.95,0.607335925895,0.993538889133
5,0.3,0.0,0.637369582294,0.998260885392
5,0.3,0.05,0.637866547635,0.998257538708
5,0.3,0.1,0.639638442941,0.998242462908
5,0.3,0.15,0.642283960734,0.998205700573
5,0.3,0.2,0.6454407766,0.998152405098
5,0.3,0.25,0.648299317283,0.998090027734
5,0.3,0.3,0.651245656235,0.998029433314
5,0.3,0.35,0.654166425572,0.996887276917
5,0.3,0.4,0.656193691518,0.996841322279
5,0.3,0.45,0.658136660609,0.996230790102
5,0.3,0.5,0.660045635664,0.995598736444
5,0.3,0.55,0.661636760884,0.995656108825
5,0.3,0.6,0.663221818564,0.995205111064
5,0.3,0.65,0.664741023957,0.994596738331
5,0.3,0.7,0.666201641919,0.994354042209
5,0.3,0.75,0.667151660726,0.994948499282
5,0.3,0.8,0.6681596906,0.993837557426
5,0.3,0.85,0.669212457534,0.993214440555
5,0.3,0.9,0.670164052037,0.993203735447
5,0.3,0.95,0.671040572252,0.993180640411
5,0.35,0.0,0.676390874353,0.997875934776
5,0.35,0.05,0.677145450816,0.997870515469
5,0.35,0.1,0.679719942896,0.997837733791
5,0.35,0.15,0.683788261365,0.997745083793
5,0.35,0.2,0.688374750693,0.997605950338
5,0.35,0.25,0.693023737078,0.997415943162
5,0.35,0.3,0.697652414445,0.996750419002
5,0.35,0.35,0.701740531271,0.996498541675
5,0.35,0.4,0.705366467101,0.99590650066
5,0.35,0.45,0.730734012295,0.706152895716
5,0.35,0.5,0.711798392081,0.994791564968
5,0.35,0.55,0.716002270839,0.994022250194
5,0.35,0.6,0.720932746675,0.989352636444
5,0.35,0.65,0.719512281433,0.993503414784
5,0.35,0.7,0.72169089516,0.993154865422
5,0.35,0.75,0.723790210741,0.992933451705
5,0.35,0.8,0.725494990016,0.992780060109
5,0.35,0.85,0.727174385318,0.992279888898
5,0.35,0.9,0.729114220928,0.992366917266
5,0.35,0.95,0.730384930667,0.992023598146
5,0.4,0.0,0.709076436075,0.997510905707
5,0.4,0.05,0.7101196233,0.99749512528
5,0.4,0.1,0.71431486256,0.997147261603
5,0.4,0.15,0.71900166265,0.997257786986
5,0.4,0.2,0.725283047732,0.996924016063
5,0.4,0.25,0.731460669238,0.996421604896
5,0.4,0.3,0.737503757788,0.99581068729
5,0.4,0.35,0.743183620557,0.995128426516
5,0.4,0.4,0.747974754986,0.994498127014
5,0.4,0.45,0.752949541449,0.99386212091
5,0.4,0.5,0.757043052154,0.993204785405
5,0.4,0.55,0.760890780661,0.99270881769
5,0.4,0.6,0.764635247083,0.992200717666
5,0.4,0.65,0.768483453749,0.991743244761
5,0.4,0.7,0.770927119893,0.99125455604
5,0.4,0.75,0.774548439834,0.990694287665
5,0.4,0.8,0.776722889482,0.990305503571
5,0.4,0.85,0.779223654286,0.98986773428
5,0.4,0.9,0.782043601361,0.989444371141
5,0.4,0.95,0.784172738633,0.988957989452
5,0.45,0.0,0.736796402493,0.997172084646
5,0.45,0.05,0.738101413862,0.997158892919
5,0.45,0.1,0.742559426394,0.997043998437
5,0.45,0.15,0.749412694782,0.99672396388
5,0.45,0.2,0.756753864961,0.996093068629
5,0.45,0.25,0.764437446212,0.995375712642
5,0.45,0.3,0.772348927886,0.994461104972
5,0.45,0.35,0.778449750711,0.99349173578
5,0.45,0.4,0.785024719036,0.992563919606
5,0.45,0.45,0.790447668943,0.991770247236
5,0.45,0.5,0.796456158076,0.990804355923
5,0.45,0.55,0.800191496236,0.990136845099
5,0.45,0.6,0.805516529079,0.989259727241
5,0.45,0.65,0.81022706523,0.988470512878
5,0.45,0.7,0.812789197373,0.987828658804
5,0.45,0.75,0.816951662313,0.98704508378
5,0.45,0.8,0.819969802334,0.986426554374
5,0.45,0.85,0.822721944208,0.985911870388
5,0.45,0.9,0.825778150896,0.985236617549
5,0.45,0.95,0.828550058921,0.984662111081
5,0.5,0.0,0.765898278669,0.989238038462
5,0.5,0.05,0.762731181452,0.996743961863
5,0.5,0.1,0.767809205064,0.996636863974
5,0.5,0.15,0.776078868639,0.996113389836
5,0.5,0.2,0.785181094668,0.9952745712
5,0.5,0.25,0.794001711223,0.994158329432
5,0.5,0.3,0.801882038993,0.992991680778
5,0.5,0.35,0.808673256572,0.99188087828
5,0.5,0.4,0.815920985798,0.990716975383
5,0.5,0.45,0.822050307285,0.989670057624
5,0.5,0.5,0.828575742894,0.988625033912
5,0.5,0.55,0.833971040203,0.987461908837
5,0.5,0.6,0.838382935031,0.986589594025
5,0.5,0.65,0.843658393102,0.985534632735
5,0.5,0.7,0.847374643222,0.984772673747
5,0.5,0.75,0.857553204939,0.983248828517
5,0.5,0.8,0.85532265625,0.983111010895
5,0.5,0.85,0.858532428991,0.98234657883
5,0.5,0.9,0.864192987385,0.981391411623
5,0.5,0.95,0.864756151821,0.980940569414
5,0.55,0.0,0.781348569652,0.996528663429
5,0.55,0.05,0.783289139636,0.99655322949
5,0.55,0.1,0.789970218608,0.996257608298
5,0.55,0.15,0.79943953613,0.995485058598
5,0.55,0.2,0.808801230751,0.994346107352
5,0.55,0.25,0.819835915655,0.992892988215
5,0.55,0.3,0.827815439841,0.991679587119
5,0.55,0.35,0.835834721857,0.990292732031
5,0.55,0.4,0.843277758009,0.988863390687
5,0.55,0.45,0.850339276327,0.987671761572
5,0.55,0.5,0.856211430653,0.986500436961
5,0.55,0.55,0.860647505768,0.985474400895
5,0.55,0.6,0.870254886162,0.983837838381
5,0.55,0.65,0.875071274438,0.98297488271
5,0.55,0.7,0.878211266055,0.982127938402
5,0.55,0.75,0.879759646504,0.98150394453
5,0.55,0.8,0.883778615601,0.98066072191
5,0.55,0.85,0.890882728921,0.979456207244
5,0.55,0.9,0.893135419871,0.979085305768
5,0.55,0.95,0.895051127602,0.978532293044
5,0.6,0.0,0.799427437161,0.996261729163
5,0.6,0.05,0.802971100583,0.996149139727
5,0.6,0.1,0.810314853815,0.995773633071
5,0.6,0.15,0.819425231157,0.994926796326
5,0.6,0.2,0.82991736548,0.993520132415
5,0.6,0.25,0.840647277833,0.991911893583
5,0.6,0.3,0.852351805985,0.990255693258
5,0.6,0.35,0.858029089134,0.98888571155
5,0.6,0.4,0.867177670368,0.987412964634
5,0.6,0.45,0.873413630539,0.986046834104
5,0.6,0.5,0.927557082646,0.951796820907
5,0.6,0.55,0.887813755459,0.983476381141
5,0.6,0.6,0.890766382763,0.982616181816
5,0.6,0.65,0.89580517408,0.98163720597
5,0.6,0.7,0.903633287042,0.980393417481
5,0.6,0.75,0.90634994351,0.979785167741
5,0.6,0.8,0.915339681575,0.978635913803
5,0.6,0.85,0.914580786267,0.978376537855
5,0.6,0.9,0.927433044169,0.977371092766
5,0.6,0.95,0.942244682054,0.976936138512
5,0.65,0.0,0.823298631125,0.987775665081
5,0.65,0.05,0.820548318582,0.994666937683
5,0.65,0.1,0.830835092434,0.995085804495
5,0.65,0.15,0.838179301729,0.994197070442
5,0.65,0.2,0.875412352763,0.972352374442
5,0.65,0.25,0.859859119356,0.990893355016
5,0.65,0.3,0.871586244571,0.98909670521
5,0.65,0.35,0.87850313041,0.987714746741
5,0.65,0.4,0.911870656373,0.978918881985
5,0.65,0.45,0.895548402844,0.984760624107
5,0.65,0.5,0.900244604443,0.983577256084
5,0.65,0.55,0.911885106279,0.982060703209
5,0.65,0.6,0.911322748078,0.981543568064
5,0.65,0.65,0.918689007857,0.980591021014
5,0.65,0.7,0.923556899556,0.979837904266
5,0.65,0.75,0.934596665427,0.979014539611
5,0.65,0.8,0.933818005556,0.9786850908
5,0.65,0.85,0.945654762165,0.978621127282
5,0.65,0.9,0.946069817486,0.978168035516
5,0.65,0.95,0.944316097128,0.9778986139
5,0.7,0.0,0.881199241171,0.9104566143
5,0.7,0.05,0.835943692726,0.995330567498
5,0.7,0.1,0.842363031484,0.995011189248
5,0.7,0.15,0.864101344188,0.992427267302
5,0.7,0.2,0.866693025703,0.991709744434
5,0.7,0.25,0.894588498151,0.982075797828
5,0.7,0.3,0.897857982362,0.98731913787
5,0.7,0.35,0.90094155612,0.986349269288
5,0.7,0.4,0.925733800973,0.983675717786
5,0.7,0.45,0.91914275824,0.983518788033
5,0.7,0.5,0.945450345433,0.982037381321
5,0.7,0.55,0.951409673847,0.981752972712
5,0.7,0.6,0.934973648824,0.980963386341
5,0.7,0.65,0.939244777492,0.980525693645
5,0.7,0.7,0.942724681039,0.980105726585
5,0.7,0.75,0.960147225026,0.980970291677
5,0.7,0.8,0.977305390307,0.98512961327
5,0.7,0.85,0.99745862912,0.997903415152
5,0.7,0.9,0.997053069322,0.997512541762
5,0.7,0.95,0.967498693457,0.981621069603
5,0.75,0.0,0.862352790739,0.978582095597
5,0.75,0.05,0.85078788668,0.993366205274
5,0.75,0.1,0.875348611018,0.988237064793
5,0.75,0.15,0.872002146643,0.992883349002
5,0.75,0.2,0.908022011163,0.981391849436
5,0.75,0.25,0.912958846157,0.987026135584
5,0.75,0.3,0.904186695081,0.987522349921
5,0.75,0.35,0.928498606291,0.984886900136
5,0.75,0.4,0.930823391105,0.984117458141
5,0.75,0.45,0.937097663419,0.983163788146
5,0.75,0.5,0.941399867574,0.982406740447
5,0.75,0.55,0.950885749928,0.982338381895
5,0.75,0.6,0.986716426229,0.991051759553
5,0.75,0.65,0.967032051248,0.983450040236
5,0.75,0.7,0.972226340478,0.984330603038
5,0.75,0.75,0.993280238125,0.994184957019
5,0.75,0.8,0.968431296419,0.98274404584
5,0.75,0.85,0.974128361801,0.984065196651
5,0.75,0.9,0.999223259286,0.999292886763
5,0.75,0.95,0.99895559072,0.999111641887
5,0.8,0.0,0.866583463967,0.986848629535
5,0.8,0.05,0.859458322181,0.994782513362
5,0.8,0.1,0.871041904293,0.993946518218
5,0.8,0.15,0.919089480109,0.971594386871
5,0.8,0.2,0.899342263885,0.990097269329
5,0.8,0.25,0.91212779343,0.988301784406
5,0.8,0.3,0.941753804489,0.985582393658
5,0.8,0.35,0.928095370957,0.985682823018
5,0.8,0.4,0.933417912727,0.984641150521
5,0.8,0.45,0.947856313232,0.983622300846
5,0.8,0.5,0.980040908486,0.988574825602
5,0.8,0.55,0.959057073766,0.983478728892
5,0.8,0.6,0.994793471793,0.99630510541
5,0.8,0.65,0.982853582617,0.988566018956
5,0.8,0.7,0.992272960408,0.99386109672
5,0.8,0.75,0.998889843852,0.998930351994
5,0.8,0.8,0.989984749709,0.991976498264
5,0.8,0.85,0.992675441955,0.993714487547
5,0.8,0.9,0.995006689542,0.995333199493
5,0.8,0.95,0.998906945458,0.999007851983
5,0.85,0.0,0.92161476174,0.925002547434
5,0.85,0.05,0.894852242347,0.982730377941
5,0.85,0.1,0.887225616674,0.99273148672
5,0.85,0.15,0.908487812161,0.989974296414
5,0.85,0.2,0.917043950843,0.989352414992
5,0.85,0.25,0.953535508628,0.985491581224
5,0.85,0.3,0.944883668568,0.986173461903
5,0.85,0.35,0.964612597857,0.985971315723
5,0.85,0.4,0.957373727081,0.985261835953
5,0.85,0.45,0.976683696945,0.987633079481
5,0.85,0.5,0.99390379401,0.995125371049
5,0.85,0.55,0.996032918071,0.996935615203
5,0.85,0.6,0.998159376237,0.998454798213
5,0.85,0.65,0.994838066862,0.99568678585
5,0.85,0.7,0.998804908945,0.999011927901
5,0.85,0.75,0.994878300203,0.995509163381
5,0.85,0.8,0.999452032711,0.999460719493
5,0.85,0.85,0.99979109015,0.999742139973
5,0.85,0.9,0.999907116377,0.999849554452
5,0.85,0.95,0.998067339484,0.998135179924
5,0.9,0.0,0.934788828253,0.946671910802
5,0.9,0.05,0.885058277923,0.993446261807
5,0.9,0.1,0.902193399502,0.991159335612
5,0.9,0.15,0.910665338676,0.991007370771
5,0.9,0.2,0.9744470845,0.984028378336
5,0.9,0.25,0.952446831681,0.987059575301
5,0.9,0.3,0.979695810458,0.989296551784
5,0.9,0.35,0.969419260724,0.98735231464
5,0.9,0.4,0.989666982579,0.993331765209
5,0.9,0.45,0.987223013782,0.99161525318
5,0.9,0.5,0.997759251136,0.998156294144
5,0.9,0.55,0.990918344103,0.993428352106
5,0.9,0.6,0.999747720441,0.999564841605
5,0.9,0.65,0.999640362334,0.999567502589
5,0.9,0.7,0.996274645951,0.996784253358
5,0.9,0.75,0.999516291247,0.999487923183
5,0.9,0.8,0.999892995367,0.999825916487
5,0.9,0.85,0.999816560695,0.999776704947
5,0.9,0.9,0.999746800753,0.999730330254
5,0.9,0.95,0.999876179974,0.999834141903
5,0.95,0.0,0.901965125419,0.983148114673
5,0.95,0.05,0.913417458023,0.982266192211
5,0.95,0.1,0.915240789708,0.989706374761
5,0.95,0.15,0.960258471154,0.963755851608
5,0.95,0.2,0.943245609946,0.988521917447
5,0.95,0.25,0.966901256198,0.987894186138
5,0.95,0.3,0.978126304664,0.989761670726
5,0.95,0.35,0.99689039349,0.996923691174
5,0.95,0.4,0.978033552372,0.988939686808
5,0.95,0.45,0.997910301153,0.99796090329
5,0.95,0.5,0.996485207864,0.997092920147
5,0.95,0.55,0.999732329774,0.999543381323
5,0.95,0.6,0.998176833634,0.998361369404
5,0.95,0.65,0.999877028262,0.999756065876
5,0.95,0.7,0.998986324064,0.998992860535
5,0.95,0.75,0.998917080688,0.998910890285
5,0.95,0.8,0.999931126494,0.999867855213
5,0.95,0.85,0.9997978814,0.999751685214
5,0.95,0.9,0.999948072512,0.99990819618
5,0.95,0.95,0.99995119565,0.999914008799
7,0.0,0.0,0.00810295578734,0.988239858317
7,0.0,0.05,2.24896939173e-140,1.0
7,0.0,0.1,1.44735831261e-134,1.0
7,0.0,0.15,0.0033841950505,0.607352462528
7,0.0,0.2,2.80251333994e-189,1.0
7,0.0,0.25,6.19884553735e-222,1.0
7,0.0,0.3,5.24008908319e-176,1.0
7,0.0,0.35,5.5523897666e-317,0.999197109595
7,0.0,0.4,4.52509867062e-140,0.999197109595
7,0.0,0.45,3.0111262136e-132,0.99598973977
7,0.0,0.5,5.18479789544e-133,0.998394541635
7,0.0,0.55,1.9744909337e-194,0.996791340392
7,0.0,0.6,5.39501092611e-148,0.9967906955
7,0.0,0.65,5.87468784299e-130,0.9967906955
7,0.0,0.7,1.84142393328e-197,0.99598973977
7,0.0,0.75,1.77080403092e-136,0.9967906955
7,0.0,0.8,2.44708236742e-132,0.995989094878
7,0.0,0.85,3.55318524037e-131,0.995989094878
7,0.0,0.9,1.08429142178e-210,0.99518878404
7,0.0,0.95,7.18243469792e-186,0.995188139148
7,0.05,0.0,0.272456723158,0.999878383858
7,0.05,0.05,0.27245672322,0.999878383858
7,0.05,0.1,0.272456723477,0.999878383858
7,0.05,0.15,0.272456723822,0.999878383858
7,0.05,0.2,0.272456724219,0.999878383857
7,0.05,0.25,0.272456724529,0.999878383857
7,0.05,0.3,0.272456724858,0.999878383857
7,0.05,0.35,0.272456725143,0.999116491378
7,0.05,0.4,0.272456725419,0.998347700551
7,0.05,0.45,0.272456725619,0.998347700551
7,0.05,0.5,0.272456725809,0.997579307489
7,0.05,0.55,0.272456725981,0.997579613483
7,0.05,0.6,0.272456726128,0.996818819952
7,0.05,0.65,0.272456726279,0.996047707223
7,0.05,0.7,0.272456726403,0.996818516865
7,0.05,0.75,0.272456726497,0.996818516865
7,0.05,0.8,0.272456726598,0.996048013176
7,0.05,0.85,0.272456726699,0.996048013176
7,0.05,0.9,0.272568678737,0.994526918685
7,0.05,0.95,0.272456727078,0.986895096799
7,0.1,0.0,0.422591166383,0.999561629489
7,0.1,0.05,0.422592267085,0.999561627941
7,0.1,0.1,0.422596231956,0.999561619384
7,0.1,0.15,0.422602261247,0.999561603504
7,0.1,0.2,0.4226085475,0.999561584669
7,0.1,0.25,0.422614946602,0.999561563121
7,0.1,0.3,0.422620198924,0.998842346176
7,0.1,0.35,0.422625360645,0.998108585848
7,0.1,0.4,0.422629220385,0.998108571004
7,0.1,0.45,0.422632654322,0.998108846542
7,0.1,0.5,0.422636058052,0.998108543809
7,0.1,0.55,0.422638734591,0.996657326159
7,0.1,0.6,0.422641634279,0.996657599171
7,0.1,0.65,0.422643450787,0.996657598247
7,0.1,0.7,0.422646269614,0.996657578273
7,0.1,0.75,0.422743381531,0.996523978627
7,0.1,0.8,0.422752799552,0.989284142104
7,0.1,0.85,0.42265060749,0.995918681561
7,0.1,0.9,0.422651872953,0.995194631478
7,0.1,0.95,0.422653695373,0.994454150526
7,0.15,0.0,0.52526186788,0.999116951709
7,0.15,0.05,0.525287599103,0.999116874395
7,0.15,0.1,0.532820646173,0.605524715778
7,0.15,0.15,0.525518840582,0.99911579851
7,0.15,0.2,0.525669997557,0.999114922135
7,0.15,0.25,0.52581329833,0.999114080507
7,0.15,0.3,0.525943117386,0.999113211676
7,0.15,0.35,0.526061975502,0.998437239896
7,0.15,0.4,0.526167411482,0.997739017955
7,0.15,0.45,0.526244145759,0.997041525313
7,0.15,0.5,0.526404189547,0.997592429837
7,0.15,0.55,0.526411180309,0.996334136495
7,0.15,0.6,0.526448264076,0.996366675748
7,0.15,0.65,0.526506358172,0.996366189982
7,0.15,0.7,0.526557656599,0.996366061618
7,0.15,0.75,0.526599985764,0.996365438007
7,0.15,0.8,0.526663432564,0.99636460363
7,0.15,0.85,0.526674623337,0.9956590931
7,0.15,0.9,0.526712061037,0.995659305224
7,0.15,0.95,0.526744731573,0.994266200338
7,0.2,0.0,0.600399335184,0.998601234015
7,0.2,0.05,0.600517646483,0.998600743995
7,0.2,0.1,0.600949921702,0.99859800816
7,0.2,0.15,0.601914976832,0.997621483679
7,0.2,0.2,0.602329301194,0.998585453835
7,0.2,0.25,0.602998989784,0.998578236907
7,0.2,0.3,0.603612318723,0.997944885211
7,0.2,0.35,0.604225024738,0.997937491644
7,0.2,0.4,0.604667579531,0.997273719503
7,0.2,0.45,0.605131426812,0.997268509399
7,0.2,0.5,0.605464011507,0.99660760738
7,0.2,0.55,0.605799376666,0.996603774491
7,0.2,0.6,0.606124728791,0.995976632798
7,0.2,0.65,0.606393187684,0.995972098369
7,0.2,0.7,0.606632822271,0.995969529255
7,0.2,0.75,0.607340673197,0.981731585708
7,0.2,0.8,0.607050418923,0.995963864128
7,0.2,0.85,0.60732116152,0.995334406544
7,0.2,0.9,0.607550632347,0.995334883552
7,0.2,0.95,0.607581061482,0.995287457918
7,0.25,0.0,0.657719507919,0.998059172828
7,0.25,0.05,0.658004717353,0.998057519656
7,0.25,0.1,0.659041632296,0.998046745353
7,0.25,0.15,0.660713947432,0.998022122176
7,0.25,0.2,0.663697845052,0.993124747672
7,0.25,0.25,0.664172777244,0.997961373497
7,0.25,0.3,0.665787728438,0.997930139746
7,0.25,0.35,0.667313073918,0.997334210895
7,0.25,0.4,0.668528799867,0.996698685285
7,0.25,0.45,0.669679221692,0.996676069181
7,0.25,0.5,0.670738405339,0.996655322543
7,0.25,0.55,0.671845128964,0.996023343801
7,0.25,0.6,0.676242251656,0.650772729769
7,0.25,0.65,0.673165369358,0.995439541377
7,0.25,0.7,0.673930938903,0.995423961026
7,0.25,0.75,0.674477900695,0.99541400581
7,0.25,0.8,0.675088945189,0.994776291756
7,0.25,0.85,0.675523080217,0.994191320759
7,0.25,0.9,0.676061330106,0.992927001353
7,0.25,0.95,0.676493891041,0.993538337423
7,0.3,0.0,0.702759748596,0.997523567469
7,0.3,0.05,0.703285883312,0.997519617841
7,0.3,0.1,0.705903451259,0.995250424532
7,0.3,0.15,0.707987912501,0.997424506657
7,0.3,0.2,0.711251206258,0.997327894778
7,0.3,0.25,0.714447915413,0.9972165049
7,0.3,0.3,0.717458413874,0.997097619321
7,0.3,0.35,0.720096944969,0.996528227142
7,0.3,0.4,0.722690452796,0.995857169297
7,0.3,0.45,0.725114225773,0.995236767281
7,0.3,0.5,0.726898163532,0.995168192788
7,0.3,0.55,0.728853439397,0.995077391019
7,0.3,0.6,0.730386022666,0.995028586333
7,0.3,0.65,0.731757087627,0.994534110684
7,0.3,0.7,0.733103792075,0.994488935408
7,0.3,0.75,0.73443057511,0.994434450394
7,0.3,0.8,0.735680258762,0.993832707296
7,0.3,0.85,0.736596132676,0.993791586991
7,0.3,0.9,0.737758417071,0.99338683607
7,0.3,0.95,0.738690426716,0.993444780434
7,0.35,0.0,0.73896462233,0.997017115564
7,0.35,0.05,0.740105278426,0.996465718283
7,0.35,0.1,0.742533155403,0.996947145544
7,0.35,0.15,0.746924202826,0.996773465923
7,0.35,0.2,0.751586659559,0.996520590956
7,0.35,0.25,0.756380795467,0.996143911544
7,0.35,0.3,0.760944538087,0.995712998118
7,0.35,0.35,0.765216091815,0.994802501892
7,0.35,0.4,0.769087381314,0.994342999275
7,0.35,0.45,0.772759653188,0.994080529146
7,0.35,0.5,0.775700146678,0.99331867501
7,0.35,0.55,0.77852161756,0.992557807795
7,0.35,0.6,0.78123251389,0.992720394386
7,0.35,0.65,0.783636590931,0.992359195471
7,0.35,0.7,0.786281286796,0.992087493866
7,0.35,0.75,0.788000962787,0.991363030301
7,0.35,0.8,0.790161505651,0.991192696375
7,0.35,0.85,0.792118582472,0.990848263698
7,0.35,0.9,0.793632775885,0.989989258214
7,0.35,0.95,0.794996561076,0.989402045857
7,0.4,0.0,0.768604888507,0.99655348184
7,0.4,0.05,0.769674054371,0.996534605277
7,0.4,0.1,0.77346002052,0.996419507827
7,0.4,0.15,0.779043013859,0.996091220736
7,0.4,0.2,0.785456073567,0.995553531169
7,0.4,0.25,0.791596153531,0.994705015454
7,0.4,0.3,0.797415633674,0.993836097866
7,0.4,0.35,0.802960058714,0.992915077997
7,0.4,0.4,0.808176975103,0.992092166211
7,0.4,0.45,0.812565878002,0.991193686404
7,0.4,0.5,0.8168694632,0.990398971975
7,0.4,0.55,0.821056643375,0.989656216718
7,0.4,0.6,0.824311547925,0.988907142748
7,0.4,0.65,0.8278120633,0.98816154061
7,0.4,0.7,0.831894043709,0.987345896032
7,0.4,0.75,0.833729801866,0.986838164592
7,0.4,0.8,0.836191640841,0.986154807309
7,0.4,0.85,0.839007742324,0.985589882015
7,0.4,0.9,0.841278886997,0.984833634747
7,0.4,0.95,0.843845175229,0.984341305188
7,0.45,0.0,0.79387854802,0.994644888512
7,0.45,0.05,0.794614936462,0.996123493855
7,0.45,0.1,0.799477066658,0.995873193209
7,0.45,0.15,0.807016893646,0.995251106758
7,0.45,0.2,0.813842158155,0.994302530536
7,0.45,0.25,0.821802942796,0.993036557918
7,0.45,0.3,0.828785027018,0.991947571844
7,0.45,0.35,0.83482617109,0.990666515134
7,0.45,0.4,0.840945585393,0.989483227804
7,0.45,0.45,0.846119514389,0.98823286837
7,0.45,0.5,0.850485001044,0.987188121525
7,0.45,0.55,0.85512686344,0.986063112354
7,0.45,0.6,0.862626342488,0.984530422162
7,0.45,0.65,0.863764590233,0.983919427718
7,0.45,0.7,0.867355171314,0.982867214816
7,0.45,0.75,0.870369885759,0.981982367746
7,0.45,0.8,0.875894899285,0.980563995977
7,0.45,0.85,0.876942186183,0.980123901075
7,0.45,0.9,0.879892621095,0.979205356876
7,0.45,0.95,0.882331997986,0.978486498412
7,0.5,0.0,0.81402645235,0.995783370087
7,0.5,0.05,0.815954895162,0.995728203389
7,0.5,0.1,0.821677048105,0.995406605342
7,0.5,0.15,0.830265758097,0.99441219609
7,0.5,0.2,0.838413943938,0.993080748952
7,0.5,0.25,0.846182101125,0.991651554735
7,0.5,0.3,0.854263927439,0.990052829593
7,0.5,0.35,0.861477221814,0.988515457215
7,0.5,0.4,0.868201053834,0.986915047666
7,0.5,0.45,0.873776585427,0.985555744965
7,0.5,0.5,0.880839274597,0.9838818493
7,0.5,0.55,0.883984184445,0.982786934757
7,0.5,0.6,0.889207221037,0.981418752143
7,0.5,0.65,0.892496213142,0.980432705456
7,0.5,0.7,0.895844366396,0.979402812563
7,0.5,0.75,0.900473346135,0.978215324319
7,0.5,0.8,0.903683172187,0.977182887928
7,0.5,0.85,0.906943160663,0.976276476441
7,0.5,0.9,0.911079055519,0.975242142591
7,0.5,0.95,0.914436531928,0.974404889319
7,0.55,0.0,0.832062334279,0.995148889292
7,0.55,0.05,0.834127097302,0.995429943643
7,0.55,0.1,0.843470400752,0.99277079388
7,0.55,0.15,0.850377600547,0.993561521888
7,0.55,0.2,0.860154524158,0.991744027951
7,0.55,0.25,0.868912188776,0.990013341566
7,0.55,0.3,0.880619114193,0.98764568497
7,0.55,0.35,0.883349525582,0.986671521682
7,0.55,0.4,0.89278491172,0.98460992416
7,0.55,0.45,0.897099664117,0.983342948278
7,0.55,0.5,0.909734781962,0.980685753845
7,0.55,0.55,0.907299833762,0.980495384952
7,0.55,0.6,0.912572531666,0.979224775211
7,0.55,0.65,0.92389074015,0.976923272629
7,0.55,0.7,0.922423884182,0.976753729065
7,0.55,0.75,0.924103685849,0.976127354387
7,0.55,0.8,0.946342330783,0.973523340646
7,0.55,0.85,0.934710815598,0.973986465715
7,0.55,0.9,0.935150572137,0.973772180687
7,0.55,0.95,0.939345947109,0.973124808336
7,0.6,0.0,0.8488495497,0.992855350439
7,0.6,0.05,0.850409957992,0.995015577903
7,0.6,0.1,0.860666286658,0.993740142205
7,0.6,0.15,0.868995710114,0.992442984418
7,0.6,0.2,0.878113572283,0.990761658337
7,0.6,0.25,0.888049848789,0.988644234715
7,0.6,0.3,0.899969761261,0.98625980546
7,0.6,0.35,0.903958878031,0.984812491934
7,0.6,0.4,0.913503901456,0.982847693357
7,0.6,0.45,0.928899311509,0.979759361886
7,0.6,0.5,0.921322663352,0.980414569319
7,0.6,0.55,0.932215572195,0.9783515477
7,0.6,0.6,0.935842811844,0.977509771464
7,0.6,0.65,0.938014567883,0.976833565072
7,0.6,0.7,0.943419008912,0.976004588598
7,0.6,0.75,0.95503730455,0.97546287337
7,0.6,0.8,0.973227273899,0.978107029638
7,0.6,0.85,0.961900826187,0.975339738573
7,0.6,0.9,0.991115524099,0.989375395307
7,0.6,0.95,0.968616704858,0.976100868466
7,0.65,0.0,0.872153751929,0.978792226229
7,0.65,0.05,0.870849987536,0.989629938565
7,0.65,0.1,0.877408207129,0.993012795542
7,0.65,0.15,0.895674105493,0.985912835376
7,0.65,0.2,0.895016989976,0.989564816101
7,0.65,0.25,0.905795159301,0.987395784802
7,0.65,0.3,0.914053934726,0.985385217966
7,0.65,0.35,0.935288659063,0.981541343679
7,0.65,0.4,0.935019897871,0.981205302145
7,0.65,0.45,0.943107089198,0.979973353649
7,0.65,0.5,0.943729420538,0.979258708518
7,0.65,0.55,0.963750685685,0.978923885591
7,0.65,0.6,0.96197814986,0.978425200085
7,0.65,0.65,0.961265706674,0.977835418306
7,0.65,0.7,0.962840570984,0.977556625766
7,0.65,0.75,0.981288183129,0.982799176342
7,0.65,0.8,0.995318530586,0.994838988755
7,0.65,0.85,0.999187606098,0.999003591711
7,0.65,0.9,0.996719978315,0.995589571783
7,0.65,0.95,0.990879907578,0.989022240682
7,0.7,0.0,0.916541747294,0.923493173941
7,0.7,0.05,0.878753301861,0.993988158083
7,0.7,0.1,0.890571183087,0.992389968615
7,0.7,0.15,0.902647530717,0.990216234253
7,0.7,0.2,0.910833690542,0.988478679373
7,0.7,0.25,0.922954155379,0.985991222456
7,0.7,0.3,0.942235451742,0.982975969468
7,0.7,0.35,0.966403920928,0.982138827216
7,0.7,0.4,0.957259721907,0.980734611558
7,0.7,0.45,0.985787227488,0.987216383903
7,0.7,0.5,0.992537622393,0.991938892373
7,0.7,0.55,0.998002357651,0.998029306226
7,0.7,0.6,0.997533049747,0.997109370485
7,0.7,0.65,0.999137654112,0.999037160548
7,0.7,0.7,0.999637686403,0.999538857293
7,0.7,0.75,0.999647995744,0.999546884656
7,0.7,0.8,0.999872904938,0.999802353209
7,0.7,0.85,0.999870524428,0.999807460537
7,0.7,0.9,0.99973388511,0.999655492246
7,0.7,0.95,0.999908583931,0.999866762956
7,0.75,0.0,0.888237687155,0.990298807981
7,0.75,0.05,0.927094234813,0.922621041348
7,0.75,0.1,0.905977580229,0.991418071507
7,0.75,0.15,0.923766733448,0.98686941456
7,0.75,0.2,0.925032054316,0.987578595827
7,0.75,0.25,0.952483451133,0.984250470878
7,0.75,0.3,0.954125810603,0.983457717229
7,0.75,0.35,0.999311384661,0.998464332078
7,0.75,0.4,0.999533582883,0.999080319503
7,0.75,0.45,0.97690854279,0.983701130328
7,0.75,0.5,0.99947381574,0.999227794653
7,0.75,0.55,0.999761001479,0.999594078584
7,0.75,0.6,0.999394790286,0.99927793266
7,0.75,0.65,0.999763144397,0.999677942188
7,0.75,0.7,0.999912935922,0.999835672458
7,0.75,0.75,0.99981591163,0.999747460579
7,0.75,0.8,0.999933007624,0.999880311135
7,0.75,0.85,0.999950229825,0.999911633877
7,0.75,0.9,0.99994818286,0.999910364379
7,0.75,0.95,0.999911559715,0.999878523826
7,0.8,0.0,0.915178015027,0.97226019367
7,0.8,0.05,0.912210729013,0.985086384151
7,0.8,0.1,0.918197553335,0.989982869997
7,0.8,0.15,0.927563569898,0.988815090137
7,0.8,0.2,0.963974631483,0.985416814601
7,0.8,0.25,0.965680734221,0.98463573439
7,0.8,0.3,0.9871595394,0.989638801787
7,0.8,0.35,0.997564822062,0.997151121113
7,0.8,0.4,0.998311307606,0.998109728458
7,0.8,0.45,0.998682541663,0.998405516771
7,0.8,0.5,0.999418325454,0.999262861053
7,0.8,0.55,0.99860645134,0.998311017457
7,0.8,0.6,0.999857569996,0.999749413375
7,0.8,0.65,0.999777228209,0.999679474978
7,0.8,0.7,0.999971211629,0.999910042745
7,0.8,0.75,0.999939124741,0.99988756817
7,0.8,0.8,0.999949659923,0.999905893752
7,0.8,0.85,0.999974639104,0.999940213573
7,0.8,0.9,0.9999850472,0.999961583107
7,0.8,0.95,0.999976921197,0.999954888427
7,0.85,0.0,0.956545518811,0.928277030349
7,0.85,0.05,0.917039094019,0.990001405315
7,0.85,0.1,0.94248863439,0.983698493872
7,0.85,0.15,0.956378928297,0.984770159475
7,0.85,0.2,0.967496426159,0.986118466245
7,0.85,0.25,0.989710600937,0.990644325149
7,0.85,0.3,0.997353981865,0.99687826819
7,0.85,0.35,0.999200002947,0.99876389689
7,0.85,0.4,0.995659903181,0.995393862567
7,0.85,0.45,0.999662818899,0.999476292614
7,0.85,0.5,0.999829418073,0.999686136276
7,0.85,0.55,0.999902889538,0.999796572197
7,0.85,0.6,0.999848329111,0.999749136631
7,0.85,0.65,0.999963927347,0.999900959687
7,0.85,0.7,0.999953798167,0.999905953913
7,0.85,0.75,0.99996280466,0.999921373522
7,0.85,0.8,0.999979357611,0.999943824579
7,0.85,0.85,0.99997542208,0.999947475417
7,0.85,0.9,0.999988066886,0.999967662169
7,0.85,0.95,0.999991429813,0.999974241363
7,0.9,0.0,0.945624696986,0.962829128061
7,0.9,0.05,0.950152121084,0.967294323462
7,0.9,0.1,0.949140875858,0.98442246663
7,0.9,0.15,0.950008011073,0.987402198923
7,0.9,0.2,0.976211371733,0.986910002717
7,0.9,0.25,0.998353289493,0.997208708516
7,0.9,0.3,0.996270100784,0.996052741775
7,0.9,0.35,0.999639316746,0.999238873628
7,0.9,0.4,0.99958146433,0.999348319223
7,0.9,0.45,0.999838279672,0.999664213525
7,0.9,0.5,0.999875808298,0.999740877942
7,0.9,0.55,0.999858417938,0.999775891444
7,0.9,0.6,0.999884102095,0.99981477333
7,0.9,0.65,0.999949901802,0.999892055841
7,0.9,0.7,0.999967426899,0.999924864187
7,0.9,0.75,0.999974885934,0.999938830276
7,0.9,0.8,0.999983424697,0.999956791716
7,0.9,0.85,0.999989720793,0.999968677669
7,0.9,0.9,0.999987878905,0.999970095771
7,0.9,0.95,0.999993543178,0.999979993787
7,0.95,0.0,0.95630797417,0.956889455134
7,0.95,0.05,0.973605883528,0.959453499885
7,0.95,0.1,0.964225975988,0.980884020333
7,0.95,0.15,0.979448278863,0.983237777805
7,0.95,0.2,0.997976589669,0.995916072249
7,0.95,0.25,0.999147347599,0.998158275636
7,0.95,0.3,0.999248729895,0.998735450993
7,0.95,0.35,0.999718530798,0.999362524305
7,0.95,0.4,0.999815652931,0.999607603337
7,0.95,0.45,0.999833038634,0.999678887677
7,0.95,0.5,0.999915413546,0.999802029011
7,0.95,0.55,0.999951137551,0.999870539058
7,0.95,0.6,0.999938438916,0.999873552389
7,0.95,0.65,0.999951258837,0.999900386793
7,0.95,0.7,0.999978684038,0.999941366217
7,0.95,0.75,0.999980744326,0.999950312578
7,0.95,0.8,0.999989035003,0.999967761452
7,0.95,0.85,0.999991010489,0.999971703312
7,0.95,0.9,0.999991824235,0.999974946406
7,0.95,0.95,0.999992599508,0.999979093116
9,0.0,0.0,6.95869357165e-109,1.0
9,0.0,0.05,0.00696498801305,0.986434001339
9,0.0,0.1,0.00125791823857,0.996452110856
9,0.0,0.15,9.73258886771e-161,1.0
9,0.0,0.2,0.000240293040363,0.996362727374
9,0.0,0.25,4.26925749453e-179,1.0
9,0.0,0.3,2.71479084104e-119,0.999197109595
9,0.0,0.35,1.40787755713e-162,0.998394864081
9,0.0,0.4,4.44292069815e-116,0.997593263459
9,0.0,0.45,1.59167553217e-130,0.998394541635
9,0.0,0.5,7.90666703971e-279,0.997592296121
9,0.0,0.55,7.08076537726e-152,0.997592296121
9,0.0,0.6,5.10618796926e-210,0.996790373054
9,0.0,0.65,5.30865138389e-179,0.996790373054
9,0.0,0.7,5.35668016455e-243,0.996790373054
9,0.0,0.75,2.67971032093e-239,0.996790373054
9,0.0,0.8,2.16706788133e-206,0.996790373054
9,0.0,0.85,1.32675210259e-109,0.995188139148
9,0.0,0.9,1.40141563785e-197,0.995988772432
9,0.0,0.95,5.86753119046e-104,0.992787206635
9,0.05,0.0,0.311513137966,0.999838179935
9,0.05,0.05,0.311513138034,0.999838179935
9,0.05,0.1,0.312020057874,0.998299572533
9,0.05,0.15,0.312956983669,0.989267780941
9,0.05,0.2,0.311513139159,0.999838179934
9,0.05,0.25,0.311513139533,0.999838179933
9,0.05,0.3,0.311513139976,0.993702020453
9,0.05,0.35,0.311513140235,0.999077205596
9,0.05,0.4,0.311513140531,0.998309351738
9,0.05,0.45,0.311602917719,0.989092055951
9,0.05,0.5,0.311513141018,0.99830904607
9,0.05,0.55,0.311513141191,0.997541287095
9,0.05,0.6,0.311513141352,0.996781727535
9,0.05,0.65,0.31151314151,0.996782335733
9,0.05,0.7,0.31151314165,0.996781421867
9,0.05,0.75,0.311513141779,0.996781727498
9,0.05,0.8,0.311513141896,0.996781727456
9,0.05,0.85,0.311513141974,0.996011456667
9,0.05,0.9,0.311513142124,0.996011455457
9,0.05,0.95,0.31151314217,0.995249741318
9,0.1,0.0,0.472443568604,0.999419979854
9,0.1,0.05,0.472444794882,0.999419977267
9,0.1,0.1,0.472449263266,0.999419964851
9,0.1,0.15,0.472456057996,0.999419939334
9,0.1,0.2,0.473327610366,0.572693456674
9,0.1,0.25,0.472469478903,0.999419884971
9,0.1,0.3,0.472475786964,0.999419856111
9,0.1,0.35,0.472480799404,0.99870387469
9,0.1,0.4,0.472485721095,0.997972397581
9,0.1,0.45,0.472489555604,0.997972379035
9,0.1,0.5,0.472493464431,0.99725767453
9,0.1,0.55,0.472496261099,0.997241381554
9,0.1,0.6,0.472499002578,0.996526686562
9,0.1,0.65,0.472501666958,0.996526670296
9,0.1,0.7,0.472503987944,0.996526656445
9,0.1,0.75,0.472506261277,0.996526644294
9,0.1,0.8,0.472507892559,0.996527491048
9,0.1,0.85,0.472510105445,0.995790578977
9,0.1,0.9,0.472511211235,0.995789697274
9,0.1,0.95,0.472512443678,0.995068750353
9,0.15,0.0,0.577520280495,0.998841284048
9,0.15,0.05,0.594292055246,0.778878489974
9,0.15,0.1,0.577650020184,0.998840570455
9,0.15,0.15,0.577797678984,0.998839627499
9,0.15,0.2,0.577966292492,0.998838184612
9,0.15,0.25,0.578519977738,0.993824968488
9,0.15,0.3,0.578258346782,0.998167132258
9,0.15,0.35,0.578393140194,0.997473039145
9,0.15,0.4,0.578491985691,0.997472169744
9,0.15,0.45,0.578600095093,0.997471273707
9,0.15,0.5,0.578673591348,0.997470193151
9,0.15,0.55,0.578770717186,0.996777049283
9,0.15,0.6,0.57880989899,0.99611000857
9,0.15,0.65,0.578879486371,0.996109206821
9,0.15,0.7,0.578936241826,0.996108246442
9,0.15,0.75,0.578970378626,0.996108269814
9,0.15,0.8,0.579013983512,0.996108008017
9,0.15,0.85,0.57906531075,0.995405163093
9,0.15,0.9,0.57909940623,0.995405109219
9,0.15,0.95,0.579139846442,0.994727224815
9,0.2,0.0,0.651697359464,0.998183308366
9,0.2,0.05,0.651822269126,0.998182406026
9,0.2,0.1,0.652278910162,0.998178207435
9,0.2,0.15,0.652986155361,0.998169494887
9,0.2,0.2,0.653734205522,0.998159230903
9,0.2,0.25,0.654472908378,0.998148133456
9,0.2,0.3,0.655167377614,0.997522138574
9,0.2,0.35,0.655722389234,0.99751285596
9,0.2,0.4,0.656249538296,0.996854521178
9,0.2,0.45,0.656722712176,0.996846128522
9,0.2,0.5,0.657297789726,0.996834267784
9,0.2,0.55,0.657503386252,0.996184852993
9,0.2,0.6,0.657800245143,0.995567605564
9,0.2,0.65,0.658125305077,0.995560791983
9,0.2,0.7,0.658370069243,0.99555694495
9,0.2,0.75,0.658599711528,0.995552335505
9,0.2,0.8,0.658935723173,0.995545646573
9,0.2,0.85,0.659049291318,0.995543432373
9,0.2,0.9,0.659190916363,0.994879090268
9,0.2,0.95,0.659417144891,0.99424820116
9,0.25,0.0,0.706665090749,0.997508286828
9,0.25,0.05,0.706968040982,0.997505603759
9,0.25,0.1,0.708095679901,0.99748714112
9,0.25,0.15,0.709779565299,0.997453715646
9,0.25,0.2,0.711616998231,0.997410198276
9,0.25,0.25,0.713440311929,0.997360217805
9,0.25,0.3,0.715208254439,0.997308338327
9,0.25,0.35,0.716741852844,0.996719437426
9,0.25,0.4,0.718035282884,0.99608739138
9,0.25,0.45,0.719520178926,0.996042939786
9,0.25,0.5,0.720309601927,0.996016551742
9,0.25,0.55,0.721297208778,0.995393726766
9,0.25,0.6,0.72215218935,0.994833141283
9,0.25,0.65,0.722977067028,0.994808075607
9,0.25,0.7,0.723769846524,0.994784394975
9,0.25,0.75,0.724689230314,0.994188205453
9,0.25,0.8,0.72496100634,0.994136087269
9,0.25,0.85,0.725461218587,0.994121698153
9,0.25,0.9,0.725970478694,0.994106654096
9,0.25,0.95,0.726431763952,0.993533622255
9,0.3,0.0,0.761825576944,0.960318748455
9,0.3,0.05,0.749375726102,0.996853983412
9,0.3,0.1,0.754691459138,0.984348903595
9,0.3,0.15,0.75425803938,0.996709896738
9,0.3,0.2,0.757596453109,0.99656704933
9,0.3,0.25,0.761139793717,0.996363077716
9,0.3,0.3,0.764059913515,0.995754576854
9,0.3,0.35,0.773503632434,0.86999142301
9,0.3,0.4,0.76937593741,0.994917041684
9,0.3,0.45,0.772006812907,0.99475096546
9,0.3,0.5,0.773763084201,0.994141815075
9,0.3,0.55,0.77562274765,0.993990764477
9,0.3,0.6,0.777471304684,0.993519894262
9,0.3,0.65,0.778849544302,0.993423051551
9,0.3,0.7,0.780176784682,0.99333975215
9,0.3,0.75,0.781811562236,0.992726003454
9,0.3,0.8,0.782810216074,0.993405333222
9,0.3,0.85,0.783954862481,0.99216162617
9,0.3,0.9,0.784926052844,0.992373492259
9,0.3,0.95,0.786434213272,0.99194427393
9,0.35,0.0,0.782052574697,0.996265829295
9,0.35,0.05,0.782866698845,0.996253049458
9,0.35,0.1,0.785754528445,0.996146417186
9,0.35,0.15,0.790123890433,0.995903813154
9,0.35,0.2,0.794990826749,0.995501909611
9,0.35,0.25,0.800215012531,0.994727155596
9,0.35,0.3,0.804488422317,0.994228879011
9,0.35,0.35,0.808560908185,0.993634533684
9,0.35,0.4,0.812687074095,0.99283478108
9,0.35,0.45,0.81602839395,0.992205524316
9,0.35,0.5,0.819210696798,0.991535717852
9,0.35,0.55,0.822108577336,0.991155882927
9,0.35,0.6,0.824777164448,0.990612700894
9,0.35,0.65,0.827437377157,0.990071661332
9,0.35,0.7,0.829567517805,0.989377484051
9,0.35,0.75,0.831573708544,0.98902584661
9,0.35,0.8,0.833682931277,0.988529688349
9,0.35,0.85,0.835428355122,0.987956824713
9,0.35,0.9,0.837521751545,0.987311538885
9,0.35,0.95,0.838954965997,0.987300436484
9,0.4,0.0,0.811252588137,0.990150748054
9,0.4,0.05,0.809907830587,0.995717511216
9,0.4,0.1,0.813818879127,0.995481436035
9,0.4,0.15,0.819359798535,0.994945191799
9,0.4,0.2,0.825692084543,0.99417225469
9,0.4,0.25,0.842448960342,0.94839615998
9,0.4,0.3,0.837555914794,0.991989100718
9,0.4,0.35,0.842757508112,0.990786294064
9,0.4,0.4,0.84776184262,0.989740684039
9,0.4,0.45,0.852233273101,0.988724130712
9,0.4,0.5,0.856216335879,0.987622907325
9,0.4,0.55,0.860102023429,0.986545455656
9,0.4,0.6,0.863475476119,0.985562679359
9,0.4,0.65,0.866879001866,0.984571825283
9,0.4,0.7,0.869882608165,0.983563725021
9,0.4,0.75,0.872575298521,0.982774270157
9,0.4,0.8,0.875359861519,0.981765374429
9,0.4,0.85,0.877632792931,0.980950267249
9,0.4,0.9,0.880073151455,0.980181669257
9,0.4,0.95,0.883026030677,0.97910713829
9,0.45,0.0,0.830691077923,0.995294397806
9,0.45,0.05,0.832239026928,0.995249881045
9,0.45,0.1,0.837025293298,0.994916804299
9,0.45,0.15,0.843731806399,0.993994591998
9,0.45,0.2,0.850968007496,0.992762105297
9,0.45,0.25,0.858201566579,0.991108562636
9,0.45,0.3,0.865816848236,0.989504231295
9,0.45,0.35,0.870767958005,0.988068217747
9,0.45,0.4,0.876637144029,0.9865829242
9,0.45,0.45,0.881341218912,0.985161961725
9,0.45,0.5,0.885798441602,0.983803423763
9,0.45,0.55,0.890506324391,0.982244968983
9,0.45,0.6,0.894680532811,0.980892311371
9,0.45,0.65,0.898420736804,0.979484077687
9,0.45,0.7,0.901368847865,0.978399854251
9,0.45,0.75,0.904944595129,0.977183622403
9,0.45,0.8,0.907550659771,0.976159033766
9,0.45,0.85,0.910187482477,0.975131775098
9,0.45,0.9,0.914610381813,0.973653461092
9,0.45,0.95,0.915617790907,0.973133157698
9,0.5,0.0,0.848912202073,0.994853851576
9,0.5,0.05,0.851173028165,0.994822891098
9,0.5,0.1,0.857389818853,0.994215319093
9,0.5,0.15,0.865803067306,0.992799158298
9,0.5,0.2,0.87278197953,0.991193881366
9,0.5,0.25,0.880076541494,0.989393561016
9,0.5,0.3,0.888998664522,0.987285196286
9,0.5,0.35,0.896416765475,0.98517651812
9,0.5,0.4,0.900589839605,0.983799723305
9,0.5,0.45,0.906927374682,0.981910130737
9,0.5,0.5,0.910675587793,0.980492571148
9,0.5,0.55,0.916044548244,0.978675591506
9,0.5,0.6,0.923464479201,0.976509573673
9,0.5,0.65,0.925181397582,0.975770904248
9,0.5,0.7,0.930649576779,0.974149560034
9,0.5,0.75,0.93311197169,0.973168026301
9,0.5,0.8,0.93563126002,0.972323779001
9,0.5,0.85,0.938739103958,0.971423090077
9,0.5,0.9,0.940199202973,0.970783363002
9,0.5,0.95,0.942826201272,0.970129112341
9,0.55,0.0,0.864519573741,0.994510557383
9,0.55,0.05,0.867521398645,0.994381935147
9,0.55,0.1,0.874427066604,0.993459750936
9,0.55,0.15,0.885032905529,0.991459031756
9,0.55,0.2,0.891753201036,0.989637859903
9,0.55,0.25,0.906900727663,0.985965903752
9,0.55,0.3,0.9123978607,0.984528710726
9,0.55,0.35,0.914375956052,0.983490860971
9,0.55,0.4,0.928812992276,0.979945892983
9,0.55,0.45,0.934383442025,0.978119650208
9,0.55,0.5,0.934442243544,0.977629470141
9,0.55,0.55,0.947122613169,0.975079961345
9,0.55,0.6,0.958924896272,0.973565653013
9,0.55,0.65,0.952648412513,0.973393373099
9,0.55,0.7,0.964567911442,0.972987374185
9,0.55,0.75,0.975470941596,0.97502059122
9,0.55,0.8,0.973121754494,0.973906615804
9,0.55,0.85,0.999210085356,0.998882647103
9,0.55,0.9,0.984284282278,0.979432818411
9,0.55,0.95,0.987580634316,0.982091235981
9,0.6,0.0,0.892392842725,0.976612495687
9,0.6,0.05,0.886727947732,0.989501516853
9,0.6,0.1,0.888750496229,0.992843672454
9,0.6,0.15,0.90229984866,0.990051723399
9,0.6,0.2,0.911587593286,0.987729451195
9,0.6,0.25,0.920195660204,0.985511890053
9,0.6,0.3,0.930866132734,0.982647778186
9,0.6,0.35,0.944796864584,0.979287351106
9,0.6,0.4,0.965726295793,0.977450547276
9,0.6,0.45,0.947079385033,0.978001757871
9,0.6,0.5,0.956102462322,0.976476292748
9,0.6,0.55,0.959062851522,0.975889209987
9,0.6,0.6,0.999281210189,0.999080507049
9,0.6,0.65,0.997716503926,0.99636714075
9,0.6,0.7,0.998190941693,0.997212558628
9,0.6,0.75,0.99133643855,0.987415049724
9,0.6,0.8,0.99480570823,0.991615713495
9,0.6,0.85,0.99988708853,0.999813773965
9,0.6,0.9,0.999930154876,0.999883957522
9,0.6,0.95,0.999907459148,0.999856539906
9,0.65,0.0,0.897336590052,0.984118456448
9,0.65,0.05,0.926418282102,0.908849035785
9,0.65,0.1,0.91641964755,0.986015255822
9,0.65,0.15,0.93061151063,0.982705638017
9,0.65,0.2,0.925820331355,0.986647259066
9,0.65,0.25,0.942561741283,0.982983659138
9,0.65,0.3,0.953691280078,0.98065705334
9,0.65,0.35,0.955479092507,0.979869484017
9,0.65,0.4,0.963757530554,0.978900681573
9,0.65,0.45,0.998039650604,0.99737219972
9,0.65,0.5,0.986735825643,0.984746931118
9,0.65,0.55,0.999285640052,0.998955745959
9,0.65,0.6,0.999706116158,0.999591442129
9,0.65,0.65,0.999933887468,0.999854699319
9,0.65,0.7,0.999749891176,0.99962519514
9,0.65,0.75,0.99977239072,0.999663111246
9,0.65,0.8,0.999961224176,0.999920910237
9,0.65,0.85,0.999978702463,0.999946879366
9,0.65,0.9,0.999958031388,0.999922032086
9,0.65,0.95,0.999966137822,0.999938093155
9,0.7,0.0,0.90181975941,0.991800677037
9,0.7,0.05,0.909552052783,0.988603379188
9,0.7,0.1,0.919215877484,0.990163229391
9,0.7,0.15,0.96377058425,0.960724524923
9,0.7,0.2,0.942859115434,0.984859652784
9,0.7,0.25,0.961942489886,0.981935359693
9,0.7,0.3,0.989294525384,0.988230757119
9,0.7,0.35,0.998795875281,0.998295958291
9,0.7,0.4,0.980659127405,0.98269930955
9,0.7,0.45,0.9993862815,0.999045842574
9,0.7,0.5,0.999731140967,0.999558531165
9,0.7,0.55,0.999777567309,0.999637943565
9,0.7,0.6,0.999944394966,0.999869082897
9,0.7,0.65,0.99994724884,0.999884800919
9,0.7,0.7,0.999970497268,0.999925639676
9,0.7,0.75,0.99997285613,0.999935541558
9,0.7,0.8,0.999983079251,0.999956237526
9,0.7,0.85,0.999987442572,0.999965852896
9,0.7,0.9,0.999991671232,0.999974488412
9,0.7,0.95,0.999992285862,0.999978357258
9,0.75,0.0,0.937105244585,0.957844401264
9,0.75,0.05,0.922195602329,0.989478567217
9,0.75,0.1,0.933972093401,0.987179151395
9,0.75,0.15,0.958564672536,0.980788914975
9,0.75,0.2,0.956010731917,0.984349670853
9,0.75,0.25,0.995968814087,0.994413007378
9,0.75,0.3,0.999466436876,0.998869791928
9,0.75,0.35,0.999358246599,0.998962397148
9,0.75,0.4,0.99977180064,0.999536766238
9,0.75,0.45,0.999903318458,0.999734693506
9,0.75,0.5,0.999926805423,0.99980559867
9,0.75,0.55,0.999897144236,0.999805508387
9,0.75,0.6,0.999965831839,0.999904542437
9,0.75,0.65,0.999978966286,0.999936470107
9,0.75,0.7,0.999980148375,0.999945331131
9,0.75,0.75,0.999981504969,0.999950967187
9,0.75,0.8,0.999990607964,0.999969935407
9,0.75,0.85,0.999993700354,0.9999772415
9,0.75,0.9,0.999992860596,0.999978153924
9,0.75,0.95,0.999994928607,0.999983963661
9,0.8,0.0,0.956971306519,0.947725377613
9,0.8,0.05,0.937985733064,0.985063150371
9,0.8,0.1,0.949222737709,0.984977770571
9,0.8,0.15,0.993967579256,0.987175386979
9,0.8,0.2,0.998370673031,0.996316293131
9,0.8,0.25,0.999218616812,0.998202198061
9,0.8,0.3,0.999033008409,0.998404381946
9,0.8,0.35,0.999789784498,0.999505366239
9,0.8,0.4,0.99985268852,0.999683612528
9,0.8,0.45,0.999923761644,0.999795882662
9,0.8,0.5,0.999959425559,0.9998702984
9,0.8,0.55,0.999962311216,0.999891529397
9,0.8,0.6,0.999974513762,0.999924532402
9,0.8,0.65,0.999984397012,0.999948001391
9,0.8,0.7,0.999984153501,0.999953974611
9,0.8,0.75,0.999987805757,0.999965002838
9,0.8,0.8,0.999993532997,0.999976521171
9,0.8,0.85,0.999992864349,0.999978341327
9,0.8,0.9,0.999994417205,0.999983142569
9,0.8,0.95,0.999996533059,0.999987364607
9,0.85,0.0,0.98026786568,0.929770394149
9,0.85,0.05,0.94416992558,0.98583485703
9,0.85,0.1,0.969831658662,0.978985760693
9,0.85,0.15,0.995967025014,0.991087290072
9,0.85,0.2,0.997026765795,0.995173910118
9,0.85,0.25,0.99916458566,0.998331767671
9,0.85,0.3,0.999574906008,0.999153611588
9,0.85,0.35,0.999790999089,0.999520229382
9,0.85,0.4,0.999880862547,0.999714729105
9,0.85,0.45,0.99994656549,0.99983833299
9,0.85,0.5,0.999968248025,0.999893432686
9,0.85,0.55,0.999981686816,0.999926106682
9,0.85,0.6,0.999984543078,0.999944761053
9,0.85,0.65,0.999989597513,0.999962332424
9,0.85,0.7,0.999992184755,0.999969508628
9,0.85,0.75,0.999992549137,0.99997583701
9,0.85,0.8,0.999995489793,0.999982375318
9,0.85,0.85,0.99999459194,0.999982448767
9,0.85,0.9,0.999996940492,0.999988313432
9,0.85,0.95,0.999997848351,0.999991297354
9,0.9,0.0,0.970345354035,0.949221344926
9,0.9,0.05,0.981372374148,0.956876367411
9,0.9,0.1,0.987710780391,0.980804228257
9,0.9,0.15,0.995372308761,0.991897960168
9,0.9,0.2,0.997669076497,0.996248709071
9,0.9,0.25,0.999718529184,0.999095390569
9,0.9,0.3,0.99979557782,0.999441800441
9,0.9,0.35,0.999880262128,0.999666165736
9,0.9,0.4,0.999943475028,0.99981109574
9,0.9,0.45,0.999963460685,0.999870468703
9,0.9,0.5,0.999977436528,0.999913280359
9,0.9,0.55,0.999973329806,0.999928630968
9,0.9,0.6,0.999986784531,0.999954558991
9,0.9,0.65,0.999988731616,0.999964562867
9,0.9,0.7,0.999993777929,0.99997513365
9,0.9,0.75,0.999994350772,0.999978777104
9,0.9,0.8,0.999994930455,0.999982777541
9,0.9,0.85,0.99999553829,0.999985900644
9,0.9,0.9,0.999997636941,0.999990413455
9,0.9,0.95,0.999997499172,0.999990661516
9,0.95,0.0,0.968313881678,0.960451950179
9,0.95,0.05,0.974611162942,0.972104244979
9,0.95,0.1,0.995885164488,0.985849902683
9,0.95,0.15,0.998676019071,0.995810185654
9,0.95,0.2,0.999487747476,0.998322390619
9,0.95,0.25,0.999799641407,0.999279294879
9,0.95,0.3,0.99989446384,0.99958034603
9,0.95,0.35,0.999917017573,0.999736218367
9,0.95,0.4,0.999931918904,0.99981290443
9,0.95,0.45,0.999959143739,0.99987889896
9,0.95,0.5,0.999969236217,0.999909727951
9,0.95,0.55,0.999983093971,0.999944410945
9,0.95,0.6,0.999990263866,0.999963859264
9,0.95,0.65,0.999993285567,0.999973193288
9,0.95,0.7,0.999993494793,0.999975564118
9,0.95,0.75,0.999994421934,0.999980414157
9,0.95,0.8,0.999996435351,0.9999863812
9,0.95,0.85,0.999997150624,0.999989156886
9,0.95,0.9,0.999997908109,0.999991856536
9,0.95,0.95,0.999998007057,0.999992345335
11,0.0,0.0,0.0132404926526,0.977914944731
11,0.0,0.05,0.02323450085,0.8750587299
11,0.0,0.1,0.00199513202662,0.994938158403
11,0.0,0.15,6.18664343697e-171,1.0
11,0.0,0.2,3.79055923902e-143,1.0
11,0.0,0.25,4.16467210717e-144,1.0
11,0.0,0.3,2.13611507276e-164,1.0
11,0.0,0.35,5.67427536065e-126,0.999197109595
11,0.0,0.4,2.09754635037e-130,0.998394541635
11,0.0,0.45,0.000113457492097,0.952034631633
11,0.0,0.5,1.07855793576e-214,0.998394541635
11,0.0,0.55,7.37141688895e-214,0.997592296121
11,0.0,0.6,3.28240545705e-136,0.9967906955
11,0.0,0.65,8.44021256457e-154,0.9967906955
11,0.0,0.7,1.11273560511e-107,0.996790373054
11,0.0,0.75,2.09251753144e-107,0.9967906955
11,0.0,0.8,1.54041474079e-81,0.99598973977
11,0.0,0.85,1.70501115224e-115,0.996790373054
11,0.0,0.9,5.45280217231e-293,0.995989417324
11,0.0,0.95,2.7593096562e-95,0.99518878404
11,0.05,0.0,0.361986402125,0.564757379468
11,0.05,0.05,0.345902419022,0.999798141813
11,0.05,0.1,0.345902419332,0.999798141812
11,0.05,0.15,0.346832250682,0.992580351545
11,0.05,0.2,0.345902420265,0.999798141811
11,0.05,0.25,0.345902420728,0.99902495818
11,0.05,0.3,0.345902421109,0.999038083218
11,0.05,0.35,0.345902421444,0.998270553865
11,0.05,0.4,0.34665795477,0.724037148021
11,0.05,0.45,0.345902422133,0.998270553863
11,0.05,0.5,0.345902422271,0.997503427839
11,0.05,0.55,0.3459024225,0.998270859169
11,0.05,0.6,0.34590242268,0.996744485563
11,0.05,0.65,0.345902422878,0.996744485563
11,0.05,0.7,0.345902423012,0.996744787695
11,0.05,0.75,0.345902423144,0.996744793955
11,0.05,0.8,0.345902423256,0.995975055575
11,0.05,0.85,0.345902423377,0.996744485561
11,0.05,0.9,0.345902423552,0.994459283264
11,0.05,0.95,0.345902423604,0.99597475035
11,0.1,0.0,0.514092292267,0.999280490384
11,0.1,0.05,0.515384431538,0.99547835724
11,0.1,0.1,0.514098509527,0.999280468941
11,0.1,0.15,0.514105455806,0.999280437009
11,0.1,0.2,0.514113050966,0.999280398584
11,0.1,0.25,0.514120986221,0.999280354426
11,0.1,0.3,0.514127105894,0.998567576336
11,0.1,0.35,0.514132818132,0.998567543268
11,0.1,0.4,0.514137787759,0.997838333173
11,0.1,0.45,0.514142103799,0.99783830512
11,0.1,0.5,0.51414629003,0.997838275075
11,0.1,0.55,0.514149634191,0.997109572628
11,0.1,0.6,0.514152746465,0.996398394193
11,0.1,0.65,0.514155299152,0.996398375613
11,0.1,0.7,0.514157465347,0.996398360868
11,0.1,0.75,0.51415975,0.996398059877
11,0.1,0.8,0.514161894166,0.996398041345
11,0.1,0.85,0.514164005693,0.995663060705
11,0.1,0.9,0.514165604852,0.99566334207
11,0.1,0.95,0.514379781678,0.995211193125
11,0.15,0.0,0.619661274493,0.998312164055
11,0.15,0.05,0.619518877561,0.998574118294
11,0.15,0.1,0.619623824756,0.998573320078
11,0.15,0.15,0.619968550429,0.998188789089
11,0.15,0.2,0.620346975619,0.997115804891
11,0.15,0.25,0.620131437405,0.998568155261
11,0.15,0.3,0.620275614382,0.99856644667
11,0.15,0.35,0.620416848914,0.997902460835
11,0.15,0.4,0.620534288211,0.997212916124
11,0.15,0.45,0.620697739895,0.997134181771
11,0.15,0.5,0.620818191811,0.996430398961
11,0.15,0.55,0.620795244317,0.996522010308
11,0.15,0.6,0.620864738887,0.995861050412
11,0.15,0.65,0.620926963118,0.995860067258
11,0.15,0.7,0.620991350855,0.995859366565
11,0.15,0.75,0.621026158976,0.99585896775
11,0.15,0.8,0.621071944128,0.995857711957
11,0.15,0.85,0.62112477425,0.995857094564
11,0.15,0.9,0.621158397981,0.995856418182
11,0.15,0.95,0.621194823842,0.994487289584
11,0.2,0.0,0.706446950292,0.921647147296
11,0.2,0.05,0.691763019849,0.997785841408
11,0.2,0.1,0.6922446471,0.997779466841
11,0.2,0.15,0.692990757514,0.997767669782
11,0.2,0.2,0.693770931937,0.997752685544
11,0.2,0.25,0.694521157264,0.997737562206
11,0.2,0.3,0.695223491695,0.99711985881
11,0.2,0.35,0.695906877053,0.996463163905
11,0.2,0.4,0.696413562144,0.996451952717
11,0.2,0.45,0.698528058198,0.641527434739
11,0.2,0.5,0.697321636154,0.996431279576
11,0.2,0.55,0.697685727764,0.995782138186
11,0.2,0.6,0.698031266802,0.995773849088
11,0.2,0.65,0.698331314709,0.995166628565
11,0.2,0.7,0.698644366846,0.995158782478
11,0.2,0.75,0.698968714415,0.995150301766
11,0.2,0.8,0.699108843717,0.995147502367
11,0.2,0.85,0.699304983395,0.995143033441
11,0.2,0.9,0.699531831762,0.994482812591
11,0.2,0.95,0.699652536889,0.994479196429
11,0.25,0.0,0.743820937292,0.996997989297
11,0.25,0.05,0.74413383956,0.996994122219
11,0.25,0.1,0.745282174115,0.996968684655
11,0.25,0.15,0.747066429991,0.996919258263
11,0.25,0.2,0.749063152636,0.996852462404
11,0.25,0.25,0.750840631582,0.996786814968
11,0.25,0.3,0.752624621017,0.996715311616
11,0.25,0.35,0.754125340518,0.996128939502
11,0.25,0.4,0.755556079517,0.995488520514
11,0.25,0.45,0.7570153172,0.995426817334
11,0.25,0.5,0.757967839942,0.995285875281
11,0.25,0.55,0.758901526295,0.994781866903
11,0.25,0.6,0.759821561069,0.994741064743
11,0.25,0.65,0.760995123789,0.993599465394
11,0.25,0.7,0.761439102757,0.994159782963
11,0.25,0.75,0.762060877592,0.994137293395
11,0.25,0.8,0.762678355561,0.994112378778
11,0.25,0.85,0.763274157831,0.994084223571
11,0.25,0.9,0.763747660126,0.993465151426
11,0.25,0.95,0.764338366378,0.992904221619
11,0.3,0.0,0.786151175929,0.988289154622
11,0.3,0.05,0.78768089893,0.982610355943
11,0.3,0.1,0.785714100931,0.996185980018
11,0.3,0.15,0.788664999238,0.996034300317
11,0.3,0.2,0.792066626151,0.995822754794
11,0.3,0.25,0.795462038655,0.995560629599
11,0.3,0.3,0.79855510295,0.994939145112
11,0.3,0.35,0.801447057636,0.994697532366
11,0.3,0.4,0.803993907093,0.994040313225
11,0.3,0.45,0.80627985365,0.993826202218
11,0.3,0.5,0.80857758767,0.993615112308
11,0.3,0.55,0.810299654895,0.992983793673
11,0.3,0.6,0.812149958035,0.992607868945
11,0.3,0.65,0.813810902208,0.992454472464
11,0.3,0.7,0.815746435247,0.992293089464
11,0.3,0.75,0.816368519814,0.992208233676
11,0.3,0.8,0.817631366392,0.991577941575
11,0.3,0.85,0.81874785924,0.991473957822
11,0.3,0.9,0.82000794015,0.991336632557
11,0.3,0.95,0.820794757887,0.990236710913
11,0.35,0.0,0.816640424622,0.985118405861
11,0.35,0.05,0.814576286746,0.994986768066
11,0.35,0.1,0.817306987185,0.995450666969
11,0.35,0.15,0.821762513915,0.995083812053
11,0.35,0.2,0.826544928819,0.994437849948
11,0.35,0.25,0.831312817159,0.993694810135
11,0.35,0.3,0.835829484706,0.992891971308
11,0.35,0.35,0.840101503757,0.991972513631
11,0.35,0.4,0.843806518404,0.991252356618
11,0.35,0.45,0.847464754645,0.990327242688
11,0.35,0.5,0.850423295549,0.989662747782
11,0.35,0.55,0.853321400312,0.988926591508
11,0.35,0.6,0.855942196002,0.988225107872
11,0.35,0.65,0.858372306628,0.987437821604
11,0.35,0.7,0.860768217753,0.986788362912
11,0.35,0.75,0.862901946262,0.986152502702
11,0.35,0.8,0.865366611455,0.985558468456
11,0.35,0.85,0.866986735573,0.984748188135
11,0.35,0.9,0.868348874909,0.98437983068
11,0.35,0.95,0.870054532038,0.983749933879
11,0.4,0.0,0.837689933958,0.9950493091
11,0.4,0.05,0.838862264276,0.995008206207
11,0.4,0.1,0.842895595803,0.994741501927
11,0.4,0.15,0.848550128486,0.993935377281
11,0.4,0.2,0.854875436597,0.992813657505
11,0.4,0.25,0.860378153693,0.991594182926
11,0.4,0.3,0.866028023694,0.990137158149
11,0.4,0.35,0.870979789262,0.988866562276
11,0.4,0.4,0.875645240535,0.987474680054
11,0.4,0.45,0.880524256244,0.986108441968
11,0.4,0.5,0.883989465122,0.984869175142
11,0.4,0.55,0.887455629494,0.983618712445
11,0.4,0.6,0.892292031406,0.981943725159
11,0.4,0.65,0.894205652733,0.981074170546
11,0.4,0.7,0.896739103247,0.979967373289
11,0.4,0.75,0.899532008733,0.978859854724
11,0.4,0.8,0.902455078154,0.977663078294
11,0.4,0.85,0.904618091286,0.976588681262
11,0.4,0.9,0.906783995395,0.975613756812
11,0.4,0.95,0.90867542697,0.974658744954
11,0.45,0.0,0.857296663932,0.994569612937
11,0.45,0.05,0.858818436949,0.994536400577
11,0.45,0.1,0.864166342012,0.99392586277
11,0.45,0.15,0.870490053527,0.992742146408
11,0.45,0.2,0.877486844083,0.991204707188
11,0.45,0.25,0.885100229893,0.989108985897
11,0.45,0.3,0.890336119994,0.987581814416
11,0.45,0.35,0.896155103317,0.985845686605
11,0.45,0.4,0.902278881097,0.983826511348
11,0.45,0.45,0.906270288048,0.982257988628
11,0.45,0.5,0.910340663779,0.980651157703
11,0.45,0.55,0.91526403106,0.978790086973
11,0.45,0.6,0.918509392097,0.97739461517
11,0.45,0.65,0.923403397889,0.975386654447
11,0.45,0.7,0.925609550793,0.974359895263
11,0.45,0.75,0.927698814844,0.973307024904
11,0.45,0.8,0.931812346119,0.971725737035
11,0.45,0.85,0.934027093373,0.970824323316
11,0.45,0.9,0.935827362181,0.969955407354
11,0.45,0.95,0.938458040228,0.968885755344
11,0.5,0.0,0.873740378064,0.99404004615
11,0.5,0.05,0.875798406725,0.994040073273
11,0.5,0.1,0.881963528203,0.993142800371
11,0.5,0.15,0.889917162834,0.991351012369
11,0.5,0.2,0.896945320625,0.989476200056
11,0.5,0.25,0.905092723939,0.987164203364
11,0.5,0.3,0.911623834983,0.985060864098
11,0.5,0.35,0.918870375631,0.982633978375
11,0.5,0.4,0.924651244223,0.980525258419
11,0.5,0.45,0.931193795639,0.978229957725
11,0.5,0.5,0.933620982997,0.977038037379
11,0.5,0.55,0.940083577265,0.974744280819
11,0.5,0.6,0.941270573508,0.974042146396
11,0.5,0.65,0.946916709949,0.972250464606
11,0.5,0.7,0.954263450128,0.970336061555
11,0.5,0.75,0.960974493863,0.969307661686
11,0.5,0.8,0.957755158686,0.96928816535
11,0.5,0.85,0.958225719378,0.969022061432
11,0.5,0.9,0.964486031966,0.968440384842
11,0.5,0.95,0.967040251744,0.968349940489
11,0.55,0.0,0.891762063463,0.987900256609
11,0.55,0.05,0.890078466771,0.993538603061
11,0.55,0.1,0.898024166772,0.992064528145
11,0.55,0.15,0.906512884,0.989936040394
11,0.55,0.2,0.913889972822,0.987804909343
11,0.55,0.25,0.922719411023,0.985173455091
11,0.55,0.3,0.941984458919,0.979925565385
11,0.55,0.35,0.946760871959,0.978092876456
11,0.55,0.4,0.943966480504,0.978194769629
11,0.55,0.45,0.963684981382,0.974458639698
11,0.55,0.5,0.957587236256,0.974470159676
11,0.55,0.55,0.988887226808,0.982624543187
11,0.55,0.6,0.990419846094,0.984028169818
11,0.55,0.65,0.999825686729,0.999684235184
11,0.55,0.7,0.999224283155,0.998445330658
11,0.55,0.75,0.999827969472,0.999722901152
11,0.55,0.8,0.999911879915,0.999852757244
11,0.55,0.85,0.999949552351,0.999907095267
11,0.55,0.9,0.999684305181,0.999431966974
11,0.55,0.95,0.999979319654,0.999951558457
11,0.6,0.0,0.899847167274,0.992781389613
11,0.6,0.05,0.911577399785,0.983271485689
11,0.6,0.1,0.91317036423,0.990861095187
11,0.6,0.15,0.926501082675,0.987212239925
11,0.6,0.2,0.93903433882,0.9840379108
11,0.6,0.25,0.95809509672,0.979250986848
11,0.6,0.3,0.949349726867,0.980520684334
11,0.6,0.35,0.956734833223,0.978520879842
11,0.6,0.4,0.971500098472,0.976834831613
11,0.6,0.45,0.994409616505,0.990779682413
11,0.6,0.5,0.989213183559,0.984101487031
11,0.6,0.55,0.99877875454,0.997724340219
11,0.6,0.6,0.999882194334,0.999793445592
11,0.6,0.65,0.999648917307,0.999396115311
11,0.6,0.7,0.999690292785,0.99946000125
11,0.6,0.75,0.999973957312,0.999936932613
11,0.6,0.8,0.999985530977,0.999960160648
11,0.6,0.85,0.99997899659,0.999953826437
11,0.6,0.9,0.999991347884,0.999974793583
11,0.6,0.95,0.999983005851,0.999964136817
11,0.65,0.0,0.921016593374,0.979186117944
11,0.65,0.05,0.937005932907,0.94687091794
11,0.65,0.1,0.927982268153,0.989261570379
11,0.65,0.15,0.949254134784,0.982440495533
11,0.65,0.2,0.978119731177,0.976591083402
11,0.65,0.25,0.96293443538,0.980704259785
11,0.65,0.3,0.995211844625,0.992754484176
11,0.65,0.35,0.997893355733,0.996786432009
11,0.65,0.4,0.991578676101,0.98768928546
11,0.65,0.45,0.999817731362,0.999603881047
11,0.65,0.5,0.999902258255,0.999787935732
11,0.65,0.55,0.999965636473,0.999899860198
11,0.65,0.6,0.999950735743,0.999892194335
11,0.65,0.65,0.999963590897,0.999920337169
11,0.65,0.7,0.999986860508,0.999958917128
11,0.65,0.75,0.999989432865,0.999965996907
11,0.65,0.8,0.999988375709,0.999968559265
11,0.65,0.85,0.999995007138,0.999982236525
11,0.65,0.9,0.999996365333,0.999986406411
11,0.65,0.95,0.999996838236,0.999988476349
11,0.7,0.0,0.953616118572,0.93932548716
11,0.7,0.05,0.955297208648,0.941801688268
11,0.7,0.1,0.944312085142,0.986416674687
11,0.7,0.15,0.955975581581,0.984462431566
11,0.7,0.2,0.971491026406,0.981902849053
11,0.7,0.25,0.998784084342,0.997677307744
11,0.7,0.3,0.999497731453,0.999038857368
11,0.7,0.35,0.999608270936,0.999251109862
11,0.7,0.4,0.999824779715,0.999632270593
11,0.7,0.45,0.999925776608,0.999810630223
11,0.7,0.5,0.999974028877,0.999903271575
11,0.7,0.55,0.999973437285,0.999920990256
11,0.7,0.6,0.999986793994,0.999949734262
11,0.7,0.65,0.999990657283,0.999964293046
11,0.7,0.7,0.999991694357,0.999969454404
11,0.7,0.75,0.999992315192,0.999975374027
11,0.7,0.8,0.999995576078,0.999982257612
11,0.7,0.85,0.999995931568,0.999984976115
11,0.7,0.9,0.999996052825,0.999987728879
11,0.7,0.95,0.999996829747,0.99998900488
11,0.75,0.0,0.976970598635,0.924327056
11,0.75,0.05,0.970853067341,0.944043853098
11,0.75,0.1,0.964640417351,0.981559567836
11,0.75,0.15,0.984836190082,0.98123900828
11,0.75,0.2,0.983196647768,0.985412890906
11,0.75,0.25,0.999582384332,0.99890008797
11,0.75,0.3,0.999833208107,0.999482478424
11,0.75,0.35,0.999872835983,0.999671699452
11,0.75,0.4,0.999913576084,0.999779269266
11,0.75,0.45,0.999958628673,0.999874021077
11,0.75,0.5,0.999979097036,0.999923107414
11,0.75,0.55,0.999980360112,0.999938481257
11,0.75,0.6,0.999988970485,0.999957670881
11,0.75,0.65,0.999992375797,0.999971080865
11,0.75,0.7,0.999995814534,0.999981293032
11,0.75,0.75,0.999994679939,0.999980411411
11,0.75,0.8,0.99999675427,0.99998723381
11,0.75,0.85,0.999997638391,0.999989972408
11,0.75,0.9,0.999997524863,0.999990860936
11,0.75,0.95,0.999997941954,0.999992347735
11,0.8,0.0,0.981920817825,0.932802271316
11,0.8,0.05,0.949472007552,0.985582138852
11,0.8,0.1,0.986432832559,0.977175593158
11,0.8,0.15,0.994467049643,0.990733174198
11,0.8,0.2,0.999002764424,0.997698028163
11,0.8,0.25,0.999758987501,0.999190066355
11,0.8,0.3,0.999850894393,0.999576688407
11,0.8,0.35,0.99993881072,0.99977750824
11,0.8,0.4,0.999940062804,0.99982744955
11,0.8,0.45,0.99996379668,0.999894109082
11,0.8,0.5,0.99998378959,0.999938024125
11,0.8,0.55,0.999988747525,0.999954690308
11,0.8,0.6,0.999990616663,0.99996569149
11,0.8,0.65,0.999993907003,0.999975909883
11,0.8,0.7,0.999995491514,0.999982432278
11,0.8,0.75,0.999996330608,0.999985610873
11,0.8,0.8,0.999997878686,0.999990125257
11,0.8,0.85,0.999997789261,0.999990754151
11,0.8,0.9,0.99999832976,0.999992745387
11,0.8,0.95,0.999998355939,0.999993830048
11,0.85,0.0,0.980189781726,0.937968430017
11,0.85,0.05,0.987593774961,0.962664759071
11,0.85,0.1,0.992107333993,0.982135430715
11,0.85,0.15,0.998866600533,0.996488762299
11,0.85,0.2,0.999468231631,0.99851835988
11,0.85,0.25,0.999648433287,0.999187971822
11,0.85,0.3,0.999923450331,0.999693228759
11,0.85,0.35,0.99995059823,0.999813869833
11,0.85,0.4,0.99995519058,0.999858411963
11,0.85,0.45,0.999981500126,0.999921922865
11,0.85,0.5,0.999986442807,0.99994507684
11,0.85,0.55,0.999990657126,0.999962771725
11,0.85,0.6,0.999991793806,0.999968911148
11,0.85,0.65,0.999995426016,0.999980431903
11,0.85,0.7,0.999996553258,0.999985120915
11,0.85,0.75,0.999996901143,0.999987592496
11,0.85,0.8,0.999997581382,0.999989990133
11,0.85,0.85,0.999998321848,0.999992632104
11,0.85,0.9,0.999998635896,0.999994091293
11,0.85,0.95,0.999998784253,0.999994795414
11,0.9,0.0,0.986115821423,0.946666183466
11,0.9,0.05,0.991982463562,0.968151976102
11,0.9,0.1,0.986032494313,0.984765820755
11,0.9,0.15,0.999350747907,0.9973701185
11,0.9,0.2,0.999770129072,0.999021572007
11,0.9,0.25,0.999882732277,0.999517219268
11,0.9,0.3,0.999928759769,0.999724748001
11,0.9,0.35,0.99995012915,0.999823716519
11,0.9,0.4,0.999975945506,0.999904213159
11,0.9,0.45,0.999980353939,0.99992703235
11,0.9,0.5,0.999989546886,0.999956068688
11,0.9,0.55,0.999991789748,0.999966868895
11,0.9,0.6,0.999994666558,0.999977290364
11,0.9,0.65,0.9999966096,0.999984660937
11,0.9,0.7,0.999996902467,0.999986686624
11,0.9,0.75,0.999997506194,0.999989385711
11,0.9,0.8,0.999998312556,0.999992704676
11,0.9,0.85,0.999998487303,0.999993412547
11,0.9,0.9,0.999998867745,0.999994909742
11,0.9,0.95,0.999998904952,0.99999555168
11,0.95,0.0,0.988175352582,0.952232336121
11,0.95,0.05,0.994217690858,0.974919719272
11,0.95,0.1,0.99521790437,0.98890234798
11,0.95,0.15,0.999495930822,0.997881622659
11,0.95,0.2,0.999750208729,0.999089043502
11,0.95,0.25,0.999912016828,0.999612062531
11,0.95,0.3,0.999934342548,0.999761753484
11,0.95,0.35,0.999969076533,0.999870658814
11,0.95,0.4,0.999980388973,0.999917194216
11,0.95,0.45,0.999983684345,0.999937797665
11,0.95,0.5,0.999990672523,0.999960892176
11,0.95,0.55,0.999993495655,0.999972535211
11,0.95,0.6,0.999995440246,0.999980045574
11,0.95,0.65,0.999997183772,0.999986659371
11,0.95,0.7,0.99999730964,0.999988538672
11,0.95,0.75,0.999997976532,0.999991185566
11,0.95,0.8,0.999998467393,0.999993481069
11,0.95,0.85,0.999998689465,0.999994375104
11,0.95,0.9,0.999998932762,0.999995455829
11,0.95,0.95,0.999999166785,0.99999627066
13,0.0,0.0,0.0385364831214,0.431440213715
13,0.0,0.05,0.0010770441749,0.996980131055
13,0.0,0.1,1.54297177475e-133,1.0
13,0.0,0.15,1.88541719274e-75,1.0
13,0.0,0.2,3.0861706838e-164,1.0
13,0.0,0.25,5.92776820781e-146,1.0
13,0.0,0.3,0.0,1.0
13,0.0,0.35,3.66304889557e-162,0.999197109595
13,0.0,0.4,6.01333260832e-204,0.998394541635
13,0.0,0.45,6.82591907817e-111,0.998394541635
13,0.0,0.5,5.19660739968e-92,0.998394541635
13,0.0,0.55,5.28766966897e-94,0.997592618567
13,0.0,0.6,5.36843634428e-180,0.997592296121
13,0.0,0.65,1.73226776312e-107,0.9967906955
13,0.0,0.7,4.7250992554e-197,0.996790373054
13,0.0,0.75,0.000108484269384,0.996790600043
13,0.0,0.8,2.71992679338e-111,0.996790373054
13,0.0,0.85,3.33859916063e-86,0.995988772432
13,0.0,0.9,2.80770977988e-92,0.995989094878
13,0.0,0.95,1.56124470103e-232,0.995188461594
13,0.05,0.0,0.3766167529,0.999758268548
13,0.05,0.05,0.37661675298,0.999758268548
13,0.05,0.1,0.381258902767,0.956855152675
13,0.05,0.15,0.376616753797,0.999758268546
13,0.05,0.2,0.376616754328,0.999758268545
13,0.05,0.25,0.37676407835,0.988436728205
13,0.05,0.3,0.377530769328,0.566391201972
13,0.05,0.35,0.376692646514,0.993298789933
13,0.05,0.4,0.376616756004,0.998232223001
13,0.05,0.45,0.376616756239,0.998232223
13,0.05,0.5,0.376616756537,0.998232222999
13,0.05,0.55,0.376616756738,0.997465728791
13,0.05,0.6,0.376616756991,0.99746572879
13,0.05,0.65,0.376616757137,0.996708015179
13,0.05,0.7,0.376616757298,0.996708015179
13,0.05,0.75,0.37661675746,0.996707707032
13,0.05,0.8,0.376616757605,0.996707707032
13,0.05,0.85,0.376616757722,0.996707707032
13,0.05,0.9,0.376616757827,0.995938817194
13,0.05,0.95,0.376616757923,0.995939118841
13,0.1,0.0,0.549799082859,0.998720100032
13,0.1,0.05,0.549849012033,0.998224258802
13,0.1,0.1,0.549575557456,0.999143088657
13,0.1,0.15,0.549583089995,0.999143049194
13,0.1,0.2,0.549591391519,0.999142996196
13,0.1,0.25,0.549598782723,0.999142944395
13,0.1,0.3,0.549605981404,0.998433335686
13,0.1,0.35,0.549611867234,0.998433290575
13,0.1,0.4,0.54961744011,0.997706328142
13,0.1,0.45,0.549621664732,0.99770629401
13,0.1,0.5,0.549626299225,0.996979845774
13,0.1,0.55,0.549629612081,0.99770622745
13,0.1,0.6,0.549632869573,0.996271550825
13,0.1,0.65,0.549635803375,0.99627152625
13,0.1,0.7,0.54963819427,0.996271781399
13,0.1,0.75,0.549641745662,0.996271470049
13,0.1,0.8,0.549643116002,0.996271460385
13,0.1,0.85,0.549644494419,0.995538700385
13,0.1,0.9,0.549646669432,0.996271427802
13,0.1,0.95,0.549648503476,0.994822985628
13,0.15,0.0,0.654921382093,0.995444952315
13,0.15,0.05,0.654061841555,0.998315448039
13,0.15,0.1,0.654173595823,0.998314402498
13,0.15,0.15,0.654346373405,0.998312310774
13,0.15,0.2,0.654633733229,0.997954477533
13,0.15,0.25,0.654698879456,0.998307568485
13,0.15,0.3,0.654849728818,0.99764978411
13,0.15,0.35,0.654986578996,0.996964054117
13,0.15,0.4,0.65511602875,0.996962049477
13,0.15,0.45,0.655221162571,0.99696029848
13,0.15,0.5,0.655322834184,0.996275661222
13,0.15,0.55,0.655392766125,0.996274674426
13,0.15,0.6,0.655465702756,0.996273602027
13,0.15,0.65,0.655542344321,0.99627192507
13,0.15,0.7,0.655599911605,0.995616977653
13,0.15,0.75,0.655644822491,0.995616243046
13,0.15,0.8,0.655701010682,0.995615136527
13,0.15,0.85,0.655733957622,0.995614786843
13,0.15,0.9,0.655781529442,0.99561386175
13,0.15,0.95,0.65581765018,0.99491943884
13,0.2,0.0,0.723652444514,0.997410505076
13,0.2,0.05,0.723788414587,0.99740889153
13,0.2,0.1,0.724283744474,0.997400990076
13,0.2,0.15,0.725038355306,0.997385115667
13,0.2,0.2,0.729643714682,0.772862864132
13,0.2,0.25,0.728553432361,0.758517037174
13,0.2,0.3,0.72736957324,0.996733306471
13,0.2,0.35,0.728028209989,0.996715839395
13,0.2,0.4,0.728572888212,0.996066772824
13,0.2,0.45,0.729124819156,0.996050992617
13,0.2,0.5,0.729550473643,0.996037440482
13,0.2,0.55,0.72994045747,0.995394824778
13,0.2,0.6,0.730288919946,0.995383891806
13,0.2,0.65,0.73059626609,0.994786452316
13,0.2,0.7,0.730875755808,0.994777371627
13,0.2,0.75,0.731172926219,0.994767953866
13,0.2,0.8,0.731347633054,0.994763452581
13,0.2,0.85,0.731604068827,0.994754016657
13,0.2,0.9,0.731812467983,0.994100481046
13,0.2,0.95,0.732069642917,0.993712961303
13,0.25,0.0,0.773468474449,0.994753884039
13,0.25,0.05,0.773322567538,0.996519860335
13,0.25,0.1,0.774506388658,0.996488936991
13,0.25,0.15,0.776306888956,0.996421366891
13,0.25,0.2,0.779266076274,0.992422318503
13,0.25,0.25,0.780169859464,0.996244124526
13,0.25,0.3,0.782119360411,0.995634008069
13,0.25,0.35,0.783659381286,0.994991960115
13,0.25,0.4,0.785018930286,0.994924199225
13,0.25,0.45,0.7863089865,0.994852032931
13,0.25,0.5,0.787394253309,0.994229851956
13,0.25,0.55,0.788367744466,0.994178824275
13,0.25,0.6,0.789393570213,0.994120547707
13,0.25,0.65,0.790122790111,0.993597031128
13,0.25,0.7,0.790998185401,0.993717354809
13,0.25,0.75,0.791677646701,0.993508623037
13,0.25,0.8,0.7923411941,0.993477929678
13,0.25,0.85,0.792932551602,0.992861516057
13,0.25,0.9,0.793479851736,0.993411201511
13,0.25,0.95,0.793922422781,0.992353929757
13,0.3,0.0,0.810316048798,0.992365072987
13,0.3,0.05,0.810102061004,0.995707221443
13,0.3,0.1,0.812161157521,0.995620358125
13,0.3,0.15,0.815353618419,0.995418762347
13,0.3,0.2,0.818628891988,0.995140722972
13,0.3,0.25,0.821979253913,0.994556962198
13,0.3,0.3,0.825537246784,0.994165804702
13,0.3,0.35,0.827966338952,0.9938358771
13,0.3,0.4,0.83065671455,0.993040988456
13,0.3,0.45,0.832903518052,0.992751081588
13,0.3,0.5,0.835117759031,0.991948009802
13,0.3,0.55,0.836986868341,0.991646562141
13,0.3,0.6,0.838836535317,0.991665989381
13,0.3,0.65,0.840423822814,0.991312549408
13,0.3,0.7,0.841890694383,0.991136066158
13,0.3,0.75,0.843345193272,0.991057323987
13,0.3,0.8,0.844930444356,0.990006077099
13,0.3,0.85,0.845810369549,0.989948898566
13,0.3,0.9,0.846833038009,0.98929489489
13,0.3,0.95,0.847951508532,0.989085760059
13,0.35,0.0,0.837483818332,0.995026663419
13,0.35,0.05,0.838370749894,0.994995683146
13,0.35,0.1,0.841281165225,0.994817151508
13,0.35,0.15,0.845691943664,0.994333065491
13,0.35,0.2,0.850564523244,0.993554655676
13,0.35,0.25,0.855181099417,0.992538800753
13,0.35,0.3,0.85964338395,0.991528825071
13,0.35,0.35,0.863700872569,0.990514106396
13,0.35,0.4,0.867469000973,0.989533840051
13,0.35,0.45,0.870874689416,0.988581302419
13,0.35,0.5,0.87393008795,0.987605624222
13,0.35,0.55,0.876738192486,0.986721921385
13,0.35,0.6,0.879534403283,0.985717692704
13,0.35,0.65,0.881670363681,0.984883515283
13,0.35,0.7,0.884406152459,0.984012296849
13,0.35,0.75,0.886107434588,0.983338127068
13,0.35,0.8,0.888038385045,0.982472075866
13,0.35,0.85,0.89018205633,0.981584524936
13,0.35,0.9,0.891636280026,0.980834237988
13,0.35,0.95,0.893155874148,0.980158258497
13,0.4,0.0,0.859445982629,0.994456144107
13,0.4,0.05,0.867571594642,0.973078908081
13,0.4,0.1,0.864540460392,0.994032750349
13,0.4,0.15,0.870166685439,0.993078191961
13,0.4,0.2,0.875922124479,0.991729246107
13,0.4,0.25,0.881573896782,0.990158912345
13,0.4,0.3,0.887237681181,0.988497728914
13,0.4,0.35,0.892114986976,0.986875976624
13,0.4,0.4,0.896922382619,0.985317010448
13,0.4,0.45,0.901233213195,0.983702682316
13,0.4,0.5,0.904266429181,0.982299620382
13,0.4,0.55,0.907838401069,0.980842489295
13,0.4,0.6,0.911749673192,0.979128358066
13,0.4,0.65,0.91419208704,0.977847946805
13,0.4,0.7,0.917567007281,0.97626426082
13,0.4,0.75,0.919306296594,0.975238829557
13,0.4,0.8,0.921964688471,0.973817580904
13,0.4,0.85,0.923957694149,0.972721348965
13,0.4,0.9,0.926244820591,0.971474224051
13,0.4,0.95,0.927794800235,0.970531156679
13,0.45,0.0,0.87715361028,0.993975105054
13,0.45,0.05,0.878728904949,0.993922690373
13,0.45,0.1,0.883937429458,0.99321694987
13,0.45,0.15,0.890296347395,0.991624921636
13,0.45,0.2,0.89710213267,0.989682272828
13,0.45,0.25,0.903629164749,0.987734557651
13,0.45,0.3,0.909223076532,0.985750604304
13,0.45,0.35,0.916112364434,0.983349557771
13,0.45,0.4,0.919885115925,0.981677969734
13,0.45,0.45,0.925581462104,0.979412249883
13,0.45,0.5,0.92856389916,0.977828928158
13,0.45,0.55,0.932886280207,0.975888672736
13,0.45,0.6,0.936701050311,0.97402679463
13,0.45,0.65,0.938882184852,0.97292113684
13,0.45,0.7,0.941722143345,0.971518771039
13,0.45,0.75,0.944841693832,0.9700298961
13,0.45,0.8,0.947679954992,0.968787235329
13,0.45,0.85,0.949867053515,0.967884690134
13,0.45,0.9,0.952385029347,0.966821406064
13,0.45,0.95,0.953784125495,0.966264502915
13,0.5,0.0,0.891630639955,0.993580244996
13,0.5,0.05,0.894374682119,0.993395561245
13,0.5,0.1,0.899960694069,0.992227225993
13,0.5,0.15,0.908208944428,0.989919025682
13,0.5,0.2,0.915956698095,0.987446936183
13,0.5,0.25,0.925033753808,0.984583906843
13,0.5,0.3,0.935436514597,0.980996293883
13,0.5,0.35,0.940368824956,0.978703146231
13,0.5,0.4,0.945238096697,0.976803316031
13,0.5,0.45,0.948306272099,0.975433219378
13,0.5,0.5,0.954789582129,0.973021565424
13,0.5,0.55,0.957059880571,0.972026205625
13,0.5,0.6,0.983672659492,0.97423635023
13,0.5,0.65,0.962814545293,0.97018385876
13,0.5,0.7,0.967361383441,0.969493113966
13,0.5,0.75,0.975125664734,0.969757012604
13,0.5,0.8,0.996557781825,0.991342044629
13,0.5,0.85,0.994603871143,0.987189645006
13,0.5,0.9,0.999974487609,0.999946112872
13,0.5,0.95,0.999963433781,0.999927222226
13,0.55,0.0,0.907420401081,0.987881362953
13,0.55,0.05,0.907308398541,0.992833035277
13,0.55,0.1,0.920300124752,0.981809427908
13,0.55,0.15,0.923842751987,0.988301714475
13,0.55,0.2,0.932652153851,0.985476316857
13,0.55,0.25,0.939962651077,0.98288539724
13,0.55,0.3,0.952564200197,0.978964542535
13,0.55,0.35,0.956314807407,0.977317925568
13,0.55,0.4,0.965494493088,0.974947818164
13,0.55,0.45,0.983717707424,0.977511569538
13,0.55,0.5,0.999828025957,0.999688035804
13,0.55,0.55,0.999791678115,0.999625469972
13,0.55,0.6,0.999960375056,0.999898079619
13,0.55,0.65,0.999973884676,0.999932229524
13,0.55,0.7,0.999978145351,0.999944321827
13,0.55,0.75,0.999987868838,0.999963976026
13,0.55,0.8,0.999988785236,0.99996899045
13,0.55,0.85,0.999994348107,0.999980960376
13,0.55,0.9,0.999993091651,0.999980377444
13,0.55,0.95,0.99999647577,0.999988273494
13,0.6,0.0,0.924103699777,0.9805738226
13,0.6,0.05,0.926164925764,0.981531386597
13,0.6,0.1,0.929224227702,0.989327363817
13,0.6,0.15,0.946853026336,0.983933544255
13,0.6,0.2,0.965315330274,0.979482921467
13,0.6,0.25,0.970227833948,0.978779633796
13,0.6,0.3,0.998053552859,0.996386273611
13,0.6,0.35,0.99921008194,0.998528761292
13,0.6,0.4,0.995807836678,0.991847399596
13,0.6,0.45,0.999922212632,0.999794499874
13,0.6,0.5,0.999859451407,0.999713104879
13,0.6,0.55,0.999940834196,0.999860746762
13,0.6,0.6,0.999980657082,0.999943431148
13,0.6,0.65,0.999988936554,0.999961513406
13,0.6,0.7,0.999992046393,0.999972435376
13,0.6,0.75,0.999995420204,0.999981627653
13,0.6,0.8,0.999996258235,0.99998441392
13,0.6,0.85,0.999997252928,0.999988874878
13,0.6,0.9,0.99999727377,0.999989701859
13,0.6,0.95,0.999997717296,0.999991101073
13,0.65,0.0,0.959418646317,0.923048140817
13,0.65,0.05,0.931271105868,0.990608615159
13,0.65,0.1,0.94192673994,0.987898215649
13,0.65,0.15,0.988883065951,0.976020810487
13,0.65,0.2,0.98291025476,0.981662514508
13,0.65,0.25,0.999562970664,0.998836515686
13,0.65,0.3,0.999739612173,0.999365765708
13,0.65,0.35,0.999902751836,0.999687810777
13,0.65,0.4,0.999899603518,0.999746192604
13,0.65,0.45,0.999972533398,0.999888518616
13,0.65,0.5,0.99997918692,0.999924038219
13,0.65,0.55,0.999985786965,0.999949080034
13,0.65,0.6,0.999989825508,0.999963779503
13,0.65,0.65,0.999992610979,0.999972566964
13,0.65,0.7,0.999995288445,0.999980675976
13,0.65,0.75,0.99999576596,0.999983858685
13,0.65,0.8,0.999996758905,0.999987732691
13,0.65,0.85,0.999998039661,0.999991313921
13,0.65,0.9,0.999998514041,0.999993399357
13,0.65,0.95,0.999998744701,0.999994351093
13,0.7,0.0,0.950984793456,0.963485106964
13,0.7,0.05,0.973654475241,0.952499702616
13,0.7,0.1,0.967084897131,0.980416497798
13,0.7,0.15,0.995407870199,0.989686757423
13,0.7,0.2,0.999159404191,0.997787450615
13,0.7,0.25,0.999175926365,0.998293416579
13,0.7,0.3,0.999878923706,0.999587742452
13,0.7,0.35,0.999900746728,0.999734834669
13,0.7,0.4,0.999964143366,0.999867407302
13,0.7,0.45,0.99997837987,0.999914843299
13,0.7,0.5,0.999987767479,0.999947093025
13,0.7,0.55,0.999991480714,0.999961547274
13,0.7,0.6,0.999994130877,0.999973642318
13,0.7,0.65,0.999995682426,0.999980643245
13,0.7,0.7,0.999996209023,0.999984544627
13,0.7,0.75,0.999997320346,0.999988638965
13,0.7,0.8,0.999998158896,0.999991294989
13,0.7,0.85,0.99999853334,0.999993365827
13,0.7,0.9,0.999998747548,0.999994433042
13,0.7,0.95,0.999998962408,0.999995076281
13,0.75,0.0,0.976493106738,0.939685534961
13,0.75,0.05,0.975192211014,0.958379018214
13,0.75,0.1,0.994274789886,0.982480179176
13,0.75,0.15,0.998124561556,0.995138307368
13,0.75,0.2,0.99939436073,0.998409675488
13,0.75,0.25,0.999847646277,0.999457744541
13,0.75,0.3,0.999924605236,0.999713550361
13,0.75,0.35,0.999959912789,0.999838891365
13,0.75,0.4,0.999976766413,0.999901574272
13,0.75,0.45,0.999983248417,0.99993256286
13,0.75,0.5,0.999988465028,0.999954336425
13,0.75,0.55,0.999992574613,0.99996819764
13,0.75,0.6,0.999995187792,0.999978330909
13,0.75,0.65,0.999995853502,0.999983078644
13,0.75,0.7,0.999997367701,0.999987828888
13,0.75,0.75,0.999997623118,0.999989827513
13,0.75,0.8,0.99999860748,0.999993269209
13,0.75,0.85,0.999998745985,0.999994430105
13,0.75,0.9,0.999998945821,0.999995060263
13,0.75,0.95,0.999999127015,0.999995942716
13,0.8,0.0,0.985469368621,0.939772056745
13,0.8,0.05,0.988849838591,0.96584854708
13,0.8,0.1,0.98570449623,0.982895016561
13,0.8,0.15,0.997360990289,0.994399078817
13,0.8,0.2,0.999778431447,0.999062826708
13,0.8,0.25,0.999826873808,0.999477098006
13,0.8,0.3,0.999935088657,0.999760035862
13,0.8,0.35,0.999962760947,0.999856053169
13,0.8,0.4,0.999981456007,0.999919079892
13,0.8,0.45,0.999989487738,0.999948933615
13,0.8,0.5,0.999990897844,0.999961576468
13,0.8,0.55,0.99999414628,0.9999739479
13,0.8,0.6,0.999995850376,0.99998147365
13,0.8,0.65,0.999997279173,0.999986785635
13,0.8,0.7,0.999997765288,0.999989860231
13,0.8,0.75,0.999998357261,0.999992085832
13,0.8,0.8,0.99999851341,0.999993338661
13,0.8,0.85,0.999998851649,0.999994757054
13,0.8,0.9,0.99999915722,0.99999589151
13,0.8,0.95,0.999999268282,0.999996419362
13,0.85,0.0,0.98238446973,0.951465866241
13,0.85,0.05,0.986314567431,0.969817754371
13,0.85,0.1,0.998074507359,0.992071838168
13,0.85,0.15,0.999468132715,0.997878081754
13,0.85,0.2,0.999831538361,0.999244505214
13,0.85,0.25,0.999916948268,0.999652290801
